1	历城	120	2999
2	天桥	75	1500
3	市中	60	1800
4	历城	27	1200
5	天桥	50	1200
6	历城	108	1980
7	市中	60	2200
8	历城	70	2000
9	槐荫	120	6800
10	市中	60	1600
11	槐荫	86	1800
12	槐荫	121	2300
13	高新	100	2500
14	天桥	46	1200
15	高新	80	2600
16	市中	100	3000
17	市中	67	2000
18	槐荫	93	1800
19	历下	84	2800
20	天桥	20	500
21	天桥	23	1030
22	历下	70	1000
23	槐荫	88	2600
24	历城	58	1300
25	槐荫	91	1600
26	天桥	50	1300
27	历城	167	5400
28	历城	82	2300
29	历城	90	1800
30	历城	85	2800
31	历城	45	1600
32	槐荫	95	1800
33	历下	25	1000
34	历城	15	400
35	市中	87	2000
36	历城	120	2500
37	历下	90	2300
38	历城	63	1300
39	历下	25	700
40	历下	40	2100
41	天桥	50	1200
42	槐荫	40	1400
43	高新	28	700
44	历下	25	1200
45	历城	130	2800
46	历城	65	1700
47	历城	80	1700
48	历城	80	1500
49	历城	44	1300
50	市中	80	600
51	历下	70	2800
52	槐荫	130	2400
53	天桥	59	1700
54	天桥	60	1200
55	天桥	60	1200
56	历下	55	1500
57	天桥	65	1500
58	历城	45	1800
59	历城	80	2000
60	槐荫	72	2500
61	槐荫	102	2300
62	历城	82	2200
63	天桥	98	2300
64	槐荫	80	2000
65	槐荫	106	2300
66	市中	46	1450
67	槐荫	61	1800
68	天桥	30	300
69	市中	108	2500
70	市中	70	1700
71	高新	15	650
72	历城	35	1000
73	天桥	59	1650
74	历城	90	1800
75	长清	175	4100
76	历城	85	2800
77	历下	60	2600
78	天桥	40	1100
79	高新	135	3000
80	天桥	56	1200
81	历下	75	2200
82	槐荫	102	2300
83	历城	82	2200
84	天桥	78	2400
85	历下	45	1500
86	历下	40	1600
87	天桥	98	2300
88	市中	140	2900
89	槐荫	80	2000
90	槐荫	106	2300
91	市中	46	1450
92	历下	110	3100
93	槐荫	61	1800
94	天桥	30	300
95	市中	60	2200
96	天桥	46	1200
97	历城	115	3000
98	天桥	75	2600
99	市中	108	2500
100	市中	70	1700
101	高新	15	650
102	历城	35	1000
103	天桥	59	1650
104	历城	55	1500
105		20	750
106	槐荫	86	1800
107	槐荫	100	1600
108	市中	53	2600
109	槐荫	120	6800
110	槐荫	200	2800
111	历下	80	2400
112	历城	95	1800
113	历城	89	1900
114	历城	86	2300
115	市中	95	2500
116	历城	120	2999
117	历城	39	1600
118	槐荫	58	1600
119	历下	60	2500
120	槐荫	80	1800
121	天桥	50	600
122	槐荫	60	1200
123	历城	92	1600
124	历城	58	1300
125	历下	50	1800
126	历城	100	2000
127	高新	60	2300
128	历城	125	2700
129	历城	102	2600
130	高新	135	3000
131	天桥	56	1200
132	历下	75	2200
133	槐荫	116	2300
134	槐荫	90	1400
135	市中	83	1900
136	槐荫	114	2700
137	高新	40	1200
138	历城	125	2700
139	历城	102	2600
140	天桥	95	2500
141	历下	72	2400
142	高新	137	2600
143	槐荫	105	2500
144	天桥	145	2200
145	市中	57	1700
146	市中	75	2700
147	历下	80	1850
148	历城	52	2200
149	历城	20	260
150	历城	96	1600
151	槐荫	95	2500
152	市中	56	1600
153	天桥	75	1500
154	高新	200	8999
155	历城	50	2100
156	历下	30	1500
157	历下	130	3000
158	市中	110	2500
159	市中	53	2600
160	槐荫	92	1700
161	历城	120	3180
162	槐荫	45	2100
163	天桥	147	2800
164	天桥	70	450
165	历下	60	1800
166	槐荫	80	1000
167	槐荫	90	1650
168	历城	70	2000
169	槐荫	85	1800
170	高新	35	1100
171	历城	70	1500
172	槐荫	60	2300
173	济阳	54	750
174	槐荫	81	2400
175	历下	122	2199
176	历下	18	350
177	历下	60	1800
178	历下	60	1500
179	历下	20	800
180	天桥	40	1100
181	槐荫	130	1800
182	高新	19	600
183	市中	20	600
184	历下	30	1200
185	槐荫	116	2300
186	槐荫	90	1400
187	市中	83	1900
188	槐荫	114	2700
189	高新	40	1200
190	历城	20	260
191	历城	92	1600
192	天桥	85	1900
193	历城	80	1700
194	槐荫	45	2100
195	天桥	147	2800
196	天桥	70	450
197	历下	60	1800
198	槐荫	80	1000
199	市中	60	1600
200	槐荫	90	1650
201	槐荫	85	1800
202	高新	35	1100
203	历城	70	1500
204	槐荫	60	2300
205	济阳	54	750
206	历下	45	1500
207	槐荫	81	2400
208	历下	122	2199
209	历下	18	350
210		120	2800
211	历下	60	1800
212	历下	60	1500
213	历下	20	800
214	天桥	40	1100
215	槐荫	130	1800
216	高新	19	600
217	历城	96	2100
218	槐荫	110	2200
219	市中	55	1700
220	槐荫	123	1300
221	槐荫	96	1700
222	槐荫	96	1600
223	天桥	62	2100
224	天桥	57	2200
225	高新	20	600
226	天桥	95	2200
227	槐荫	111	2500
228	历下	18	550
229	槐荫	76	2000
230	市中	20	600
231	历下	30	1200
232	历下	20	800
233	历城	97	1800
234	槐荫	124	3300
235	市中	60	1300
236	市中	70	1600
237	槐荫	116	2300
238	槐荫	90	1400
239	市中	83	1900
240	槐荫	114	2700
241	高新	40	1200
242	天桥	20	600
243	历城	20	260
244	历城	92	1600
245	天桥	62	2100
246	天桥	57	2200
247	槐荫	109	1800
248	高新	20	600
249	天桥	95	2200
250	槐荫	111	2500
251	市中	85	1500
252	历下	18	550
253	槐荫	76	2000
254	市中	20	600
255	历下	30	1200
256	历下	20	800
257	槐荫	93	1600
258	历城	90	1200
259	槐荫	98	1500
260	历城	97	1800
261	槐荫	124	3300
262	市中	60	1300
263	市中	70	1600
264	槐荫	56	2300
265	历下	120	2600
266	槐荫	94	2400
267	槐荫	124	2500
268	槐荫	85	2800
269	高新	90	2700
270	历城	37	1500
271	历城	21	500
272	高新	30	800
273	市中	75	2700
274	历下	85	3000
275	市中	108	2200
276	市中	93	2900
277	槐荫	80	1600
278	高新	300	11999
279	槐荫	150	380
280	高新	15	600
281	高新	35	1100
282	槐荫	90	1800
283	市中	131	3700
284	天桥	60	1300
285	历下	50	2100
286	槐荫	88	2200
287	历下	18	400
288	槐荫	70	1200
289	天桥	22	700
290	历城	92	1600
291	天桥	85	1900
292	历城	19	900
293	槐荫	95	2000
294	天桥	60	1500
295	槐荫	130	3300
296	历城	19	900
297	历下	10	650
298	高新	90	2700
299	历城	37	1500
300	历城	21	500
301	高新	30	800
302	历下	85	3000
303	市中	108	2200
304	历城	80	2200
305	市中	93	2900
306	历城	130	3200
307	高新	20	560
308	槐荫	80	1600
309	高新	300	11999
310	槐荫	150	380
311	历下	80	2300
312	高新	15	600
313	高新	35	1100
314	槐荫	90	1800
315	市中	131	3700
316	天桥	60	1300
317	历下	50	2100
318	高新	19	490
319	槐荫	105	2000
320	槐荫	88	2200
321	历下	18	400
322	槐荫	70	1200
323	天桥	22	700
324	市中	140	2900
325	历下	84	2800
326	天桥	16	550
327	市中	85	1300
328	历城	92	1800
329	槐荫	93	1700
330	章丘	131	1600
331	市中	110	102000
332	历下	80	2600
333	槐荫	80	800
334	槐荫	110	3500
335		117	2800
336	槐荫	80	1800
337	槐荫	92	1700
338	槐荫	88	2700
339	历下	75	3000
340	市中	60	1600
341	槐荫	72	2800
342	历下	38	1550
343	历下	42	1550
344	槐荫	100	2500
345	市中	140	3300
346	历下	45	1800
347	天桥	50	1200
348	高新	48	1700
349	历城	22	500
350	历城	32	330
351	历城	120	2800
352	历城	18	700
353	天桥	60	1300
354	历下	50	2100
355	高新	19	490
356	槐荫	105	2000
357	槐荫	88	2200
358	历下	18	400
359	市中	91	2600
360	历城	99	2300
361	槐荫	70	1200
362	天桥	22	700
363	天桥	16	550
364	市中	85	1300
365	历城	92	1800
366	槐荫	93	1700
367	历城	41	1600
368	历下	120	3200
369	章丘	131	1600
370	市中	110	102000
371	槐荫	80	800
372	槐荫	110	3500
373	历下	15	300
374		117	2800
375	历城	110	2000
376	历下	75	2000
377	市中	66	2500
378	槐荫	80	1800
379	槐荫	92	1700
380	槐荫	88	2700
381	槐荫	72	2800
382	历下	38	1550
383	历下	42	1550
384	槐荫	100	2500
385	市中	64	2500
386	高新	36	1200
387	历城	119	3299
388	高新	19	400
389	高新	15	300
390	槐荫	135	2800
391	天桥	110	1500
392	高新	110	2000
393	槐荫	84	1800
394	槐荫	94	1500
395	槐荫	141	5000
396	槐荫	136	2000
397	天桥	65	1460
398	高新	18	660
399	高新	20	500
400	天桥	60	1200
401	天桥	23	1000
402	槐荫	76	2100
403	历城	90	1700
404	高新	140	3000
405	高新	95	2600
406	槐荫	30	500
407	市中	100	3000
408	槐荫	94	1500
409	槐荫	141	5000
410	槐荫	136	2000
411	天桥	65	1460
412	高新	18	660
413	高新	20	500
414	槐荫	120	2800
415	高新	22	580
416	高新	19	580
417	槐荫	75	1300
418	历下	60	1800
419	槐荫	95	1400
420	市中	103	1900
421	高新	100	2100
422	槐荫	118	2200
423	高新	20	580
424	高新	18	450
425	槐荫	25	700
426	长清	101	2600
427	高新	92	3100
428	历下	15	600
429	槐荫	72	2800
430	历城	97	1500
431	槐荫	56	2300
432	市中	146	4000
433	天桥	61	2800
434	槐荫	116	1800
435	高新	106	2800
436	历下	106	2800
437	历下	20	800
438	天桥	100	2000
439	历下	110	2788
440	槐荫	125	2800
441	历下	20	450
442	高新	20	590
443	历城	25	4800
444	历下	30	1050
445	高新	106	2600
446	槐荫	90	1600
447	槐荫	90	1600
448	历城	98	3900
449	高新	17	550
450	历城	21	680
451	历城	25	980
452	历城	25	650
453	历城	24	800
454	历下	65	2100
455	历城	20	700
456	槐荫	30	500
457	市中	100	3000
458	天桥	59	1800
459	历下	30	1000
460	天桥	44	1600
461	长清	90	1300
462	高新	38	1399
463	历下	73	1900
464	高新	17	550
465	历城	21	680
466	历城	25	980
467	历城	25	650
468	历城	24	800
469	历下	65	2100
470	高新	60	1999
471	历城	20	700
472	历城	20	700
473	市中	42	1300
474	槐荫	96	2400
475	天桥	60	300
476	天桥	120	2800
477	历城	106	2700
478	高新	60	2100
479	历下	20	699
480	历城	25	680
481	历城	30	650
482	历下	30	1500
483	槐荫	94	2500
484	市中	93	2600
485	历下	40	1800
486	高新	25	800
487	历下	90	2900
488	市中	48	1400
489	历下	50	1800
490	历城	80	3200
491	天桥	21	350
492	历城	115	2000
493	高新	17	699
494	高新	30	800
495	高新	40	850
496	历下	21	500
497	市中	90	1900
498	历城	23	900
499	槐荫	21	600
500	天桥	70	2500
501	历城	70	2000
502	高新	18	700
503	槐荫	120	2800
504	天桥	85	1300
505	历城	100	2500
506	历城	20	880
507	历城	21	580
508	历城	30	650
509	高新	25	550
510	历城	20	680
511	历城	24	980
512	历城	30	650
513	其他	105	3500
514	历下	73	1900
515	槐荫	110	2000
516	天桥	54	5000
517	市中	70	2500
518	历下	50	1700
519	高新	19	749
520	长清	105	1200
521	天桥	52	1800
522	历城	30	650
523	其他	105	3500
524	市中	130	3000
525	市中	71	1800
526	高新	20	750
527	槐荫	31	1600
528	高新	15	300
529	高新	17	500
530	高新	17	300
531	高新	20	550
532	槐荫	98	1800
533	槐荫	110	1800
534	高新	143	5000
535	槐荫	56	1900
536	高新	87	3700
537	高新	30	900
538	高新	15	300
539	历下	46	1200
540	历城	22	680
541	历城	30	650
542	历城	58	1300
543	市中	65	1400
544	市中	90	1800
545	高新	20	699
546	高新	16	300
547	天桥	70	1700
548	槐荫	120	1500
549	槐荫	111	1600
550	市中	120	3500
551	天桥	60	2000
552	历城	127	1600
553	高新	18	550
554	历城	20	650
555	历城	85	1800
556	历城	68	2200
557	市中	70	1100
558	历下	93	3000
559	天桥	100	2200
560	高新	93	2000
561	高新	20	650
562	历下	85	2500
563	历城	90	1200
564	历城	23	650
565	历城	30	650
566	历城	23	680
567	天桥	18	200
568	天桥	22	650
569	市中	120	4200
570	市中	95	3500
571	历下	80	2300
572	历城	90	1000
573	市中	22	600
574	长清	100	1000
575	历城	69	1200
576	天桥	60	2000
577	槐荫	116	2700
578	槐荫	115	2200
579	天桥	20	780
580	历城	23	680
581	天桥	18	200
582	天桥	22	650
583	市中	120	4200
584	市中	95	3500
585	历下	80	2300
586	高新	20	750
587	槐荫	66	1600
588	槐荫	110	2600
589	天桥	100	2700
590	市中	38	1500
591	槐荫	95	2100
592	历城	209	580
593	高新	30	1299
594	高新	20	800
595	历城	98	1500
596	历下	22	1200
597	槐荫	60	2100
598	历下	93	3200
599	高新	65	1500
600	历下	85	3800
601	高新	40	1399
602	高新	20	650
603	历城	15	450
604	高新	90	2450
605	天桥	30	650
606	历城	130	1700
607	历城	16	750
608	历城	23	880
609	高新	20	650
610	历城	23	750
611	历城	91	1400
612	天桥	22	800
613	天桥	58	1700
614	槐荫	120	1500
615	市中	92	2400
616	历下	40	1300
617	市中	111	2000
618	天桥	84	1600
619	槐荫	50	1400
620	历下	93	3000
621	市中	114	2900
622	历城	67	1200
623	高新	30	800
624	高新	10	350
625	天桥	30	750
626	天桥	95	1800
627	槐荫	70	1900
628	历城	100	1500
629	高新	20	750
630	槐荫	100	1600
631	槐荫	134	3500
632	天桥	20	560
633	槐荫	98	1700
634	天桥	143	3000
635	槐荫	116	1300
636	天桥	90	1900
637	槐荫	20	480
638	历下	93	3000
639	市中	114	2900
640	历城	67	1200
641	天桥	30	750
642	天桥	95	1800
643	槐荫	70	1900
644	高新	40	850
645	高新	20	900
646	高新	30	1299
647	历城	100	1500
648	市中	107	3500
649	历下	15	650
650	历下	31	1700
651	市中	47	1200
652	市中	92	3150
653	高新	20	999
654	天桥	80	1200
655	槐荫	100	1500
656	槐荫	45	1600
657	高新	93	2800
658	市中	50	1600
659	市中	135	3800
660	高新	30	950
661	高新	20	700
662	历下	93	3500
663	市中	35	1300
664	历城	47	1200
665	历城	22	900
666	市中	48	1600
667	槐荫	21	1000
668	高新	20	888
669	高新	30	1399
670	历城	30	700
671	槐荫	94	1600
672	槐荫	101	2000
673	天桥	90	1300
674	槐荫	98	1600
675	市中	120	2800
676	高新	30	1100
677	高新	20	888
678	高新	95	3000
679	历城	81	2000
680	历下	141	5000
681	历下	175	5000
682	槐荫	141	3000
683	槐荫	22	600
684	天桥	65	1500
685	天桥	60	1300
686	槐荫	47	1500
687	历城	100	260
688	槐荫	20	480
689	天桥	20	180
690	槐荫	92	2000
691	槐荫	91	2500
692	槐荫	139	4500
693	天桥	20	180
694	历城	20	950
695	高新	63	2800
696	槐荫	22	600
697	天桥	65	1500
698	天桥	60	1300
699	槐荫	47	1500
700	历城	100	260
701	槐荫	55	2500
702	历城	30	1150
703	历城	30	1299
704	历城	60	1100
705	历城	25	720
706	历城	30	550
707	历下	70	2400
708	历下	70	2500
709	历下	50	1700
710	高新	20	800
711	高新	15	600
712	历下	130	3200
713	历城	97	1800
714	槐荫	94	3000
715	市中	45	1200
716	天桥	44	1500
717	天桥	90	2300
718	高新	40	999
719	历下	51	1400
720	槐荫	90	2400
721	市中	60	1200
722	天桥	125	2200
723	历下	50	1700
724	历下	50	1800
725	高新	30	1299
726	高新	40	1399
727	历下	130	4500
728	历城	140	5300
729	槐荫	46	2600
730	市中	30	650
731	天桥	23	1200
732	历下	20	800
733	高新	20	850
734	历下	20	1500
735	天桥	61	2300
736	市中	20	650
737	天桥	90	2000
738	天桥	40	1400
739	市中	94	2800
740	高新	25	1050
741	槐荫	45	1900
742	章丘	77	1100
743	槐荫	110	2500
744	天桥	30	850
745	高新	15	850
746	高新	63	2800
747	天桥	40	1100
748	天桥	59	1700
749	历下	70	1800
750	槐荫	90	1500
751	历下	50	1800
752	历城	35	1000
753	历下	25	850
754	历城	140	5300
755	槐荫	46	2600
756	市中	30	650
757	天桥	23	1200
758	历下	20	800
759	历下	20	1500
760	高新	30	750
761	高新	20	1050
762	天桥	61	2300
763	市中	20	650
764	天桥	90	2000
765	天桥	40	1400
766	市中	94	2800
767	槐荫	45	1900
768	高新	30	900
769	章丘	77	1100
770	槐荫	110	2500
771	天桥	30	850
772	市中	30	800
773	历下	18	900
774	高新	40	1200
775	高新	40	800
776	高新	30	800
777	历城	166	3300
778	天桥	44	1600
779	历下	70	2800
780	天桥	36	1300
781	槐荫	98	2000
782	槐荫	90	1700
783	高新	20	800
784	天桥	60	1700
785	天桥	76	1600
786	天桥	15	400
787	槐荫	98	1800
788	历下	20	1500
789	市中	20	750
790	市中	20	700
791	市中	20	800
792	历下	108	3000
793	历下	10	400
794	天桥	44	1600
795	市中	80	1600
796	槐荫	45	1000
797	市中	50	1500
798	历下	62	1600
799	历下	70	900
800	长清	70	1200
801	高新	93	2700
802	历下	50	1800
803	市中	26	820
804	历下	25	850
805	槐荫	60	2300
806	历城	120	2600
807	槐荫	60	2100
808	天桥	50	1800
809	历下	70	2000
810	历下	40	2200
811	天桥	50	1400
812	历城	40	800
813	天桥	30	580
814	天桥	30	650
815	高新	25	1100
816	高新	17	900
817	市中	50	1600
818	槐荫	93	1600
819	历城	42	800
820	槐荫	103	2000
821	市中	20	650
822	槐荫	86	1800
823	槐荫	132	4000
824	槐荫	110	1800
825	槐荫	85	2000
826	历下	10	1000
827	市中	74	2200
828	历下	78	2400
829	市中	77	1600
830	天桥	135	2500
831	历下	30	1000
832	市中	17	550
833	历城	113	2100
834	天桥	142	2200
835	高新	20	850
836	历下	65	1700
837	高新	20	600
838	市中	83	1700
839	天桥	40	1400
840	天桥	23	1100
841	历下	62	2300
842	高新	41	700
843	天桥	38	700
844	市中	85	2200
845	天桥	60	2100
846	市中	45	1400
847	天桥	26	600
848	天桥	20	600
849	长清	122	1200
850	章丘	83	1400
851	天桥	66	1400
852	市中	75	1900
853	历下	60	1500
854	历下	50	1600
855	天桥	20	600
856	历城	97	1500
857	槐荫	56	2500
858	槐荫	141	3800
859	天桥	30	650
860	历城	150	7500
861	高新	17	600
862	天桥	50	1400
863	槐荫	30	1200
864	槐荫	120	1500
865	槐荫	58	1700
866	历下	100	3300
867	历下	30	1500
868	历下	30	1500
869	历下	30	1600
870	槐荫	98	2800
871	历城	18	400
872	历城	150	7500
873	高新	17	600
874	天桥	44	1400
875	天桥	45	1000
876	历下	142	5000
877	历城	80	2000
878	历城	15	800
879	槐荫	93	3400
880	槐荫	84	3000
881	槐荫	100	1800
882	市中	43	1200
883	历城	48	1100
884	市中	70	1800
885	历城	60	1200
886	槐荫	65	2000
887	天桥	40	1100
888	章丘	105	1300
889	历下	140	6300
890	历城	83	2000
891	历城	25	900
892	历城	20	700
893	历下	125	3200
894	天桥	20	450
895	槐荫	65	2000
896	历城	25	650
897	天桥	44	1500
898	天桥	32	700
899	天桥	60	550
900	槐荫	90	2000
901	槐荫	135	3500
902	高新	20	700
903	槐荫	88	2000
904	槐荫	54	1300
905	市中	85	2000
906	槐荫	123	2000
907	市中	76	2500
908	市中	21	700
909	历城	50	2000
910	槐荫	135	4000
911	天桥	25	600
912	天桥	60	2100
913	市中	15	950
914	天桥	46	1300
915	高新	120	3500
916	槐荫	59	2000
917	槐荫	109	3000
918	槐荫	96	2500
919	历城	47	700
920	历下	30	1600
921	槐荫	67	1600
922	历下	62	2200
923	历下	60	2300
924	市中	80	2500
925	历下	75	2300
926	槐荫	127	2000
927	槐荫	90	2300
928	天桥	25	600
929	天桥	60	2100
930	高新	120	3500
931	槐荫	59	2000
932	槐荫	109	3000
933	槐荫	96	2500
934	历城	25	800
935	高新	42	700
936	高新	97	2500
937	高新	15	750
938	天桥	1500	1600
939	天桥	91	2400
940	历下	55	1500
941	天桥	138	3000
942	历城	25	800
943	历下	60	2200
944	历城	70	2000
945	市中	160	2600
946	槐荫	110	1600
947	槐荫	86	1800
948	槐荫	94	2000
949	天桥	45	1500
950	槐荫	38	850
951	市中	26	750
952	历下	30	1300
953	天桥	50	1300
954	天桥	26	650
955	市中	20	650
956	长清	70	1100
957	天桥	36	1300
958	槐荫	58	2500
959	槐荫	110	3000
960	历城	150	2600
961	章丘	25	500
962	槐荫	183	5700
963	槐荫	120	2000
964	市中	750	750
965	历下	30	1500
966	历下	20	1200
967	高新	15	750
968	高新	25	1100
969	槐荫	96	2200
970	槐荫	50	1500
971	高新	133	3499
972	天桥	60	2200
973	槐荫	91	2000
974	槐荫	120	2800
975	天桥	50	1000
976	历下	180	4300
977	历城	69	1200
978	槐荫	90	2300
979	槐荫	76	2000
980	历下	85	2600
981	历下	30	1700
982	市中	90	3400
983	历下	97	3100
984	历下	93	3800
985	天桥	32	700
986	历下	180	4300
987	历城	69	1200
988	天桥	97	1600
989	历下	95	1800
990	天桥	98	2000
991	槐荫	108	2000
992	历下	35	1300
993	天桥	110	900
994	天桥	20	800
995	天桥	70	1700
996	历下	200	6500
997	市中	60	1700
998	天桥	26	550
999	高新	83	2600
1000	天桥	63	1500
1001	章丘	25	500
1002	槐荫	81	1600
1003	天桥	50	1200
1004	历下	115	3000
1005	槐荫	156	4300
1006	槐荫	86	1800
1007	槐荫	30	500
1008	天桥	49	1800
1009	历下	60	1580
1010		25	500
1011	槐荫	59	1500
1012	市中	64	3000
1013	槐荫	68	2000
1014	天桥	13	650
1015	历下	38	1500
1016	历下	48	1500
1017	历下	40	1300
1018	历下	50	1500
1019	天桥	60	2200
1020	槐荫	80	2400
1021	槐荫	94	2400
1022	市中	97	2500
1023	市中	92	3000
1024	市中	91	2800
1025	槐荫	90	2850
1026	天桥	75	2700
1027	槐荫	97	1200
1028	高新	50	2199
1029	高新	126	3000
1030	天桥	50	1350
1031	历下	60	2200
1032	高新	81	2800
1033	历城	30	1100
1034	槐荫	60	1500
1035	槐荫	92	1700
1036	天桥	32	700
1037	历城	91	1400
1038	高新	20	650
1039	槐荫	120	3100
1040	高新	23	700
1041	市中	172	4500
1042	历城	150	2200
1043	历下	80	2400
1044	历城	30	1100
1045	槐荫	60	1500
1046	槐荫	92	1700
1047	长清	99	1300
1048	槐荫	30	650
1049	市中	64	3000
1050	天桥	70	1200
1051	历城	160	380
1052	市中	68	1500
1053	槐荫	42	1500
1054	历城	20	950
1055	市中	98	3000
1056	槐荫	94	2500
1057	市中	55	1750
1058	历下	60	1900
1059	历城	20	650
1060	槐荫	115	2000
1061	历城	85	1600
1062	槐荫	60	1500
1063	长清	93	1000
1064	高新	1600	4200
1065	槐荫	107	1500
1066	历城	97	2000
1067	历城	97	2500
1068	市中	64	3000
1069	天桥	36	1300
1070	天桥	50	1300
1071	历下	17	500
1072	高新	92	2600
1073	天桥	71	1000
1074	历下	95	580
1075	历下	220	5800
1076	市中	60	1900
1077	槐荫	56	2300
1078	槐荫	174	5000
1079	历城	86	1700
1080	槐荫	90	1300
1081	历城	78	1000
1082	历城	18	600
1083	历下	70	1300
1084	槐荫	126	1200
1085	市中	30	450
1086	天桥	50	800
1087	历下	110	3000
1088	历城	84	2700
1089	高新	47	1800
1090	天桥	73	2450
1091	长清	71	1690
1092	槐荫	110	3300
1093	历下	20	750
1094	历下	80	2400
1095	槐荫	93	3200
1096	槐荫	131	3000
1097	市中	60	1600
1098	历下	30	1000
1099	高新	20	800
1100	历下	115	2500
1101	槐荫	98	3100
1102	槐荫	110	3300
1103	历下	20	750
1104	槐荫	89	1500
1105	槐荫	80	2000
1106	槐荫	120	3600
1107	槐荫	118	2000
1108	历城	17	600
1109	历下	91	2600
1110	槐荫	30	1500
1111	槐荫	96	2300
1112	市中	143	3000
1113	市中	143	3000
1114	市中	186	4500
1115	历下	80	2800
1116	市中	70	2000
1117	历城	125	2500
1118	历城	15	650
1119	天桥	89	2800
1120	高新	30	600
1121	市中	96	1800
1122	市中	119	2800
1123	槐荫	262	6000
1124	历城	58	1200
1125	历城	88	1500
1126	天桥	50	800
1127	历下	40	1499
1128	市中	96	3299
1129	历下	50	1600
1130	历城	58	1500
1131	槐荫	93	2200
1132	历城	500	388
1133	槐荫	116	2200
1134	槐荫	109	2500
1135	槐荫	93	2300
1136	天桥	50	900
1137	槐荫	101	2100
1138	槐荫	118	2000
1139	天桥	70	1200
1140	历下	50	1500
1141	章丘	94	1350
1142	天桥	50	2800
1143	槐荫	97	700
1144	槐荫	139	3150
1145	槐荫	90	2000
1146	天桥	110	1600
1147	历下	56	1800
1148	高新	101	3200
1149	槐荫	78	1500
1150	历下	120	2800
1151	历下	80	350
1152	历下	30	1000
1153	高新	20	800
1154	历下	115	2500
1155	槐荫	98	3100
1156	历下	42	1499
1157	高新	122	4300
1158	市中	65	2000
1159	天桥	70	1100
1160	天桥	50	1350
1161	历下	60	2200
1162	高新	81	2800
1163	历城	30	1100
1164	槐荫	60	1500
1165	槐荫	92	1700
1166	市中	72	2200
1167	历城	120	800
1168	天桥	96	1800
1169	长清	99	1300
1170	槐荫	30	650
1171	市中	64	3000
1172	历城	160	380
1173	市中	68	1500
1174	槐荫	42	1500
1175	天桥	60	800
1176	历城	20	950
1177	市中	98	3000
1178	槐荫	94	2500
1179	槐荫	115	2000
1180	历城	85	1600
1181	槐荫	60	1500
1182	历下	80	1200
1183	长清	93	1000
1184	高新	1600	4200
1185	槐荫	107	1500
1186	历城	97	2500
1187	市中	64	3000
1188	天桥	36	1300
1189	天桥	25	920
1190	历下	10	800
1191	天桥	50	1300
1192	历下	17	500
1193	高新	92	2600
1194	历下	220	5800
1195	市中	60	1900
1196	槐荫	56	2300
1197	济阳	78	1250
1198	市中	56	1900
1199	槐荫	174	5000
1200	历城	86	1700
1201	槐荫	90	1300
1202	槐荫	126	1200
1203	市中	30	450
1204	天桥	50	800
1205	市中	100	1800
1206	历下	110	3000
1207	历城	84	2700
1208	高新	47	1800
1209	天桥	73	2450
1210	历下	93	3500
1211	天桥	50	1000
1212	历下	93	3100
1213	历城	17	800
1214	历下	38	1400
1215	天桥	1500	1400
1216	历下	22	800
1217	历下	97	4000
1218	市中	92	3000
1219	历城	38	1499
1220	天桥	65	1200
1221	历下	170	11000
1222	历下	28	800
1223	槐荫	76	1800
1224	历城	88	2000
1225	高新	25	750
1226	高新	30	面议
1227	天桥	55	700
1228	天桥	25	400
1229	天桥	60	800
1230	天桥	60	1300
1231	槐荫	30	500
1232	天桥	110	3000
1233	历城	78	2000
1234	历城	100	2200
1235	历城	80	850
1236	天桥	45	1200
1237	槐荫	110	2600
1238	高新	92	3000
1239	历下	27	880
1240	市中	20	580
1241	历城	100	1800
1242	槐荫	93	1700
1243	天桥	15	550
1244	槐荫	60	1100
1245	高新	23	800
1246	市中	109	3000
1247	槐荫	100	2600
1248	槐荫	55	1500
1249	槐荫	96	2500
1250	槐荫	22	600
1251	历城	25	900
1252	历城	20	650
1253	历下	20	350
1254	历下	31	800
1255	天桥	80	1600
1256	槐荫	93	2000
1257	天桥	60	800
1258	天桥	90	2700
1259	历城	15	700
1260	长清	90	1600
1261	历城	60	350
1262	历下	28	880
1263	历下	178	10000
1264	历城	52	1100
1265	历下	58	1700
1266	天桥	62	1000
1267	天桥	45	500
1268	历下	97	4000
1269	历下	25	899
1270	历下	22	1000
1271	市中	110	102000
1272	槐荫	51	1400
1273	天桥	76	2600
1274	历下	72	2500
1275	历城	50	1700
1276	天桥	90	2700
1277	历城	15	700
1278	长清	90	1600
1279	历城	60	350
1280	历下	28	880
1281	历下	178	10000
1282	历城	92	1500
1283	天桥	23	1500
1284	历城	44	700
1285	历城	52	1100
1286	历下	58	1700
1287	天桥	62	1000
1288	天桥	45	500
1289	天桥	60	800
1290	历城	82	2700
1291	市中	43	700
1292	天桥	75	1200
1293	天桥	13	700
1294	市中	98	2700
1295	天桥	45	1300
1296	高新	108	2300
1297	高新	50	2100
1298	历城	80	1800
1299	历城	94	2000
1300	槐荫	76	2300
1301	槐荫	100	3300
1302	历城	68	2600
1303	历下	35	1200
1304	天桥	87	1600
1305	天桥	80	1600
1306	历下	80	3000
1307	高新	113	3200
1308	历城	13	600
1309	历城	20	680
1310	市中	60	2500
1311	历下	20	1000
1312	天桥	95	2200
1313	天桥	60	800
1314	历下	30	1200
1315	天桥	65	1000
1316	高新	92	2998
1317	历城	25	850
1318	历城	23	720
1319	历下	23	750
1320	历下	32	1200
1321	历下	28	810
1322	槐荫	92	1800
1323	历下	50	2400
1324	天桥	91	1800
1325	天桥	60	800
1326	历下	100	3000
1327	市中	94	2900
1328	历下	30	1200
1329	历城	25	900
1330	槐荫	30	750
1331	历下	20	900
1332	市中	230	4000
1333	市中	106	3200
1334	历下	50	2400
1335	天桥	91	1800
1336	天桥	60	800
1337	天桥	45	600
1338	济阳	90	1200
1339	槐荫	30	600
1340	高新	25	1000
1341	天桥	55	700
1342	槐荫	125	1700
1343	槐荫	52	1600
1344	天桥	70	1800
1345	天桥	20	650
1346	历下	20	420
1347	槐荫	102	1200
1348	历下	20	470
1349	历下	31	1400
1350	天桥	25	400
1351	槐荫	93	2450
1352	高新	22	500
1353	长清	70	700
1354	市中	68	1400
1355	天桥	70	1000
1356	历下	116	2600
1357	历下	25	720
1358	历下	55	1900
1359	历下	97	3600
1360	市中	50	1600
1361	市中	98	3200
1362	长清	69	1500
1363	天桥	96	2600
1364	槐荫	144	2700
1365	槐荫	75	900
1366	历下	21	450
1367	槐荫	33	500
1368	市中	35	1000
1369	历城	82	2300
1370	长清	120	1500
1371	历城	25	660
1372	历下	20	420
1373	历城	26	620
1374	历下	40	1000
1375	天桥	45	1300
1376	市中	90	2000
1377	市中	78	2500
1378	天桥	34	1100
1379	长清	130	2100
1380	历城	28	550
1381	历城	25	500
1382	市中	110	3000
1383	历城	30	850
1384	历下	40	1500
1385	天桥	60	1600
1386	长清	92	1000
1387	槐荫	120	1800
1388	历下	80	2500
1389	天桥	40	1800
1390	槐荫	30	500
1391	槐荫	112	2300
1392	长清	120	1500
1393	历城	25	660
1394	历下	20	420
1395	历城	26	620
1396	历下	40	1000
1397	天桥	45	1300
1398	历下	15	650
1399	天桥	34	1100
1400	长清	130	2100
1401	历城	28	550
1402	历城	25	500
1403	历下	25	700
1404	历下	96	2700
1405	历下	140	3800
1406	槐荫	132	2800
1407	市中	60	1880
1408	章丘	113	2000
1409	槐荫	93	2100
1410	槐荫	90	2000
1411	历下	70	800
1412	天桥	46	650
1413	历下	15	900
1414	历下	120	2000
1415	高新	58	2500
1416	高新	58	2500
1417	历下	85	2700
1418	历城	91	1500
1419	高新	18	850
1420	历下	46	700
1421	槐荫	72	1600
1422	槐荫	88	2500
1423	历下	66	2400
1424	市中	80	2500
1425	槐荫	130	2300
1426	槐荫	96	1900
1427	槐荫	110	2800
1428	历下	25	800
1429	历下	135	4700
1430	历下	15	1000
1431	槐荫	86	2500
1432	槐荫	96	2300
1433	天桥	90	1800
1434	槐荫	104	2000
1435	槐荫	72	2000
1436	历城	25	500
1437	历下	18	750
1438	高新	18	500
1439	高新	28	850
1440	高新	28	700
1441	历城	25	750
1442	槐荫	112	2300
1443	槐荫	84	1400
1444	槐荫	92	1300
1445	天桥	56	1100
1446	槐荫	86	1500
1447	槐荫	93	1800
1448	历城	20	650
1449	天桥	117	3000
1450	高新	28	850
1451	高新	28	700
1452	历城	25	750
1453	高新	25	650
1454	槐荫	92	2000
1455	历下	25	1000
1456	市中	20	500
1457	天桥	20	1100
1458	高新	21	500
1459	槐荫	106	1500
1460	市中	65	2260
1461	市中	60	2280
1462	历下	55	2000
1463	市中	55	1700
1464	历下	60	2100
1465	历下	80	2600
1466	槐荫	124	2400
1467	槐荫	92	2100
1468	槐荫	97	1999
1469	历下	80	1800
1470	历下	25	800
1471	槐荫	132	2200
1472	槐荫	105	2000
1473	历城	40	700
1474	高新	25	750
1475	市中	80	2500
1476	市中	50	1800
1477	天桥	66	1200
1478	槐荫	60	600
1479	章丘	80	1100
1480	市中	85	2400
1481	历城	140	1500
1482	天桥	50	1500
1483	历下	45	1800
1484	槐荫	96	1800
1485	历城	122	2800
1486	历下	29	800
1487	槐荫	58	3600
1488	槐荫	96	1900
1489	市中	29	700
1490	槐荫	96	1900
1491	历下	60	1500
1492	槐荫	112	2400
1493	历下	40	1800
1494	天桥	92	2000
1495	天桥	62	2350
1496	历下	720	30000
1497	槐荫	44	1900
1498	高新	148	4000
1499	历城	25	750
1500	天桥	117	3000
1501	天桥	83	2300
1502	槐荫	103	1700
1503	槐荫	98	800
1504	槐荫	97	1600
1505	历城	58	1300
1506	历城	25	750
1507	市中	50	2500
1508	历下	720	30000
1509	槐荫	44	1900
1510	高新	148	4000
1511	历城	25	750
1512	历城	25	850
1513	历城	28	720
1514	历下	20	700
1515	历下	80	3200
1516	历下	28	850
1517	历城	28	870
1518	历下	120	2000
1519	槐荫	126	2300
1520	市中	45	1200
1521	槐荫	95	1300
1522	市中	70	2100
1523	天桥	24	850
1524	历城	29	850
1525	槐荫	120	2000
1526	槐荫	91	1550
1527	槐荫	141	3000
1528	槐荫	96	2000
1529	槐荫	108	2300
1530	历城	101	2500
1531	历城	28	750
1532	历下	30	1000
1533	历城	22	800
1534	槐荫	96	1600
1535	市中	110	3800
1536	市中	50	1700
1537	市中	56	2000
1538	市中	54	1500
1539	槐荫	96	2000
1540	天桥	20	750
1541	历下	25	600
1542	高新	48	2500
1543	高新	35	1300
1544	历城	120	1500
1545	市中	80	1700
1546	历下	35	1300
1547	市中	70	2200
1548	历城	102	1666
1549	历下	80	2000
1550	槐荫	126	2400
1551	槐荫	96	2000
1552	槐荫	91	1400
1553	历下	80	1700
1554	市中	80	2600
1555	市中	110	2800
1556	槐荫	108	1600
1557	天桥	95	2500
1558	历城	92	1700
1559	槐荫	112	2600
1560	槐荫	56	2100
1561	长清	36	360
1562	天桥	60	1200
1563	高新	25	700
1564	槐荫	132	1800
1565	槐荫	182	2500
1566	槐荫	90	2000
1567	槐荫	110	2500
1568	历城	28	650
1569	历城	28	850
1570	历下	29	880
1571	历下	25	900
1572	天桥	22	780
1573	市中	18	400
1574	天桥	24	700
1575	槐荫	96	1900
1576	历下	120	2200
1577	历下	70	1800
1578	市中	70	2500
1579	市中	60	1700
1580	市中	68	2000
1581	历城	30	750
1582	历下	70	800
1583	历下	120	2000
1584	高新	58	2500
1585	高新	58	2500
1586	历下	85	2700
1587	历城	91	1500
1588	历下	60	1800
1589	历下	27	850
1590	高新	18	850
1591	槐荫	88	2500
1592	历下	66	2400
1593	市中	80	2500
1594	槐荫	130	2300
1595	槐荫	96	1900
1596	市中	28	700
1597	天桥	70	2300
1598	槐荫	23	750
1599	槐荫	110	2800
1600	槐荫	86	2500
1601	槐荫	96	2300
1602	天桥	90	1800
1603	槐荫	104	2000
1604	槐荫	72	2000
1605	市中	26	750
1606	历城	25	500
1607	高新	18	500
1608	高新	28	850
1609	高新	28	700
1610	历城	25	750
1611	高新	25	650
1612	槐荫	92	2000
1613	历下	25	1000
1614	高新	21	500
1615	槐荫	106	1500
1616	历城	97	2200
1617	市中	188	4500
1618	槐荫	86	1700
1619	天桥	50	1800
1620	长清	100	1500
1621	历城	26	1200
1622	槐荫	65	2000
1623	市中	60	1600
1624	槐荫	90	1100
1625	槐荫	53	1000
1626	历城	100	1999
1627	槐荫	89	2000
1628	槐荫	124	3500
1629	槐荫	96	2700
1630	槐荫	20	900
1631	历下	90	2000
1632	历城	45	1300
1633	槐荫	96	2000
1634	其他	30	1200
1635	历下	60	2700
1636	历下	67	2000
1637	历城	98	2200
1638	高新	22	700
1639	市中	42	550
1640	槐荫	60	1800
1641	历下	70	2300
1642	历城	101	2300
1643	天桥	50	1000
1644	高新	120	3600
1645	历下	67	2300
1646	槐荫	88	2500
1647	天桥	29	750
1648	历下	65	2200
1649	市中	78	1600
1650	历下	45	1600
1651	高新	100	3000
1652	槐荫	44	2200
1653	天桥	138	4000
1654	历城	24	800
1655	天桥	100	3200
1656	历下	20	900
1657	历城	71	2000
1658	历下	30	1500
1659	槐荫	65	1000
1660	市中	122	1900
1661	历下	70	2800
1662	市中	26	750
1663	历下	21	700
1664	历下	26	800
1665	槐荫	128	2400
1666	槐荫	96	2500
1667	槐荫	50	2500
1668	槐荫	59	1800
1669	历下	45	1300
1670	历城	70	3000
1671	市中	82	2500
1672	槐荫	90	2100
1673	历下	70	1900
1674	天桥	50	1800
1675	长清	100	1500
1676	历城	26	1200
1677	槐荫	65	2000
1678	市中	60	1600
1679	槐荫	90	1800
1680	槐荫	87	2200
1681	天桥	13	650
1682	槐荫	90	1100
1683	槐荫	53	1000
1684	历城	100	1999
1685	槐荫	89	2000
1686	槐荫	124	3500
1687	槐荫	96	2700
1688	历下	22	700
1689	槐荫	40	1100
1690	历城	27	700
1691	历城	45	1300
1692	槐荫	96	2000
1693	其他	30	1200
1694	历下	60	2700
1695	历下	67	2000
1696	历城	98	2200
1697	历下	100	2000
1698	历下	29	750
1699	历下	35	1600
1700	槐荫	60	1800
1701	历下	70	2300
1702	历城	101	2300
1703	天桥	50	1000
1704	高新	120	3600
1705	历下	67	2300
1706	天桥	27	700
1707	历下	65	2200
1708	市中	78	1600
1709	历下	45	1600
1710	高新	100	3000
1711	槐荫	44	2200
1712	天桥	138	4000
1713	槐荫	129	1500
1714	历下	20	900
1715	历城	71	2000
1716	历下	30	1500
1717	槐荫	65	1000
1718	市中	122	1900
1719	历下	70	2800
1720	历城	42	700
1721	历下	26	800
1722	槐荫	128	2400
1723	槐荫	96	2500
1724	槐荫	50	2500
1725	槐荫	59	1800
1726	历下	45	1300
1727	天桥	30	850
1728	历城	70	3000
1729	市中	82	2500
1730	槐荫	90	2100
1731	历下	70	1900
1732	天桥	13	650
1733	槐荫	86	1700
1734	市中	128	3900
1735	槐荫	93	2000
1736	槐荫	120	2100
1737	市中	22	680
1738	槐荫	90	2200
1739	历下	55	1700
1740	天桥	138	4000
1741	历下	20	900
1742	历城	71	2000
1743	历下	30	1500
1744	槐荫	65	1000
1745	市中	122	1900
1746	历城	44	800
1747	章丘	100	1800
1748	历下	70	2800
1749	历下	26	800
1750	槐荫	128	2400
1751	槐荫	96	2500
1752	槐荫	50	2500
1753	槐荫	59	1800
1754	市中	30	800
1755	槐荫	80	1500
1756	历下	45	1300
1757	历城	70	3000
1758	市中	82	2500
1759	槐荫	90	2100
1760	历下	70	1900
1761	槐荫	91	1900
1762	章丘	44	800
1763	历城	27	750
1764	高新	90	2899
1765	历下	80	2500
1766	历下	58	2600
1767	历下	45	1500
1768	天桥	98	1800
1769	历下	60	2200
1770	高新	50	2400
1771	槐荫	71	2200
1772	历城	20	800
1773	历下	56	2300
1774	历下	25	800
1775	天桥	42	1000
1776	历城	95	2500
1777	历城	61	1500
1778	天桥	65	1000
1779	市中	40	700
1780	槐荫	105	1900
1781	历下	68	2000
1782	历下	80	2200
1783	历下	80	2600
1784	历城	12	800
1785	高新	63	2100
1786	高新	91	2700
1787	历城	60	1200
1788	高新	43	1700
1789	槐荫	50	1100
1790	槐荫	65	2000
1791	高新	10	299
1792	市中	63	2300
1793	槐荫	91	1600
1794	槐荫	86	2300
1795	槐荫	113	2800
1796	槐荫	88	2000
1797	槐荫	120	2300
1798	历下	68	2000
1799	历下	80	2200
1800	历下	80	2600
1801	历城	12	800
1802	高新	63	2100
1803	高新	91	2700
1804	槐荫	98	1300
1805	历城	60	1200
1806	高新	43	1700
1807	槐荫	50	1100
1808	天桥	85	1700
1809	历下	25	1100
1810	天桥	120	3500
1811	高新	117	2400
1812	市中	23	800
1813	天桥	95	2800
1814	高新	20	800
1815	高新	75	2000
1816	槐荫	60	1200
1817	天桥	65	1200
1818	市中	85	1400
1819	天桥	50	1000
1820	市中	29	750
1821	槐荫	130	3700
1822	历下	45	1500
1823	历下	85	2400
1824	历下	65	2200
1825	历下	65	2200
1826	天桥	16	450
1827	历下	57	2300
1828	槐荫	27	800
1829	历城	15	600
1830	历下	80	2200
1831	高新	28	850
1832	历城	88	3000
1833	高新	48	1700
1834	历下	214	4500
1835	历下	30	1500
1836	天桥	20	700
1837	天桥	94	2700
1838	槐荫	80	1200
1839	市中	114	2200
1840	历城	85	1300
1841	历城	61	1000
1842	槐荫	50	1400
1843	历下	80	2400
1844	天桥	115	2800
1845	天桥	60	1500
1846	天桥	65	1400
1847	高新	17	500
1848	槐荫	120	2300
1849	市中	45	1200
1850	槐荫	126	3000
1851	槐荫	25	700
1852	历城	91	2300
1853	天桥	143	3600
1854	天桥	60	2100
1855	槐荫	123	2900
1856	历下	80	2400
1857	天桥	115	2800
1858	天桥	60	1500
1859	天桥	65	1400
1860	高新	17	500
1861	槐荫	80	1500
1862	槐荫	50	1200
1863	历下	17	650
1864	高新	95	2600
1865	市中	140	4500
1866	槐荫	105	2800
1867	槐荫	124	3600
1868	槐荫	20	799
1869	槐荫	50	1400
1870	天桥	26	750
1871	槐荫	25	750
1872	天桥	90	1200
1873	槐荫	80	2100
1874	历下	144	4300
1875	历下	65	2300
1876	槐荫	73	1600
1877	槐荫	90	2300
1878	槐荫	121	2500
1879	章丘	40	700
1880	历下	60	2000
1881	槐荫	90	1500
1882	历城	97	1800
1883	天桥	100	2600
1884	槐荫	40	1100
1885	历下	75	2400
1886	历城	55	1300
1887	市中	40	1500
1888	槐荫	105	2800
1889	高新	10	299
1890	槐荫	70	2200
1891	天桥	20	900
1892	槐荫	100	1600
1893	历城	65	1500
1894	高新	80	3000
1895	历下	12	600
1896	市中	87	1400
1897	高新	96	2700
1898	历下	85	2400
1899	槐荫	116	2500
1900	历城	105	2300
1901	历下	26	800
1902	其他	57	1800
1903	历下	70	2500
1904	历下	126	3600
1905	历下	75	2300
1906	槐荫	123	2900
1907		42	1000
1908	槐荫	1800	1800
1909	槐荫	35	450
1910	槐荫	35	450
1911	历下	97	3600
1912	槐荫	55	2300
1913	历城	60	1600
1914	槐荫	116	2500
1915	历城	105	2300
1916	历下	26	800
1917	其他	57	1800
1918	历下	70	2500
1919	历下	126	3600
1920	历下	12	600
1921	历下	25	1099
1922	槐荫	88	1600
1923	历下	75	2300
1924	天桥	90	2000
1925	天桥	120	2000
1926	天桥	105	3100
1927	天桥	59	1800
1928	历城	28	850
1929	市中	40	1300
1930	天桥	400	17000
1931	历下	40	1800
1932	历下	18	700
1933	历下	40	1600
1934	天桥	30	800
1935	历下	80	1200
1936	槐荫	135	2200
1937	历下	96	2800
1938	高新	93	2500
1939	高新	84	2200
1940	天桥	26	600
1941	槐荫	132	2800
1942	天桥	20	500
1943	天桥	70	1100
1944	历下	20	1000
1945	天桥	70	1500
1946	历下	98	2800
1947	历下	70	2400
1948	历下	40	1800
1949	历下	42	2100
1950	历下	63	2300
1951	市中	122	3000
1952	历下	14	850
1953	历下	80	2900
1954	历下	95	3200
1955	天桥	60	2000
1956	历下	90	2200
1957	历下	80	2400
1958	历下	76	2100
1959	历下	25	800
1960	市中	153	3500
1961	历城	25	650
1962	高新	106	3200
1963	槐荫	102	2500
1964	槐荫	55	1600
1965	章丘	90	1100
1966	历下	25	1000
1967	历城	45	1300
1968	章丘	88	1400
1969	历城	70	1700
1970	历下	25	950
1971	历下	55	2000
1972	高新	106	3200
1973	槐荫	102	2500
1974	天桥	76	2400
1975	历下	36	4000
1976	历下	140	3500
1977	槐荫	80	2000
1978	历下	100	3500
1979	历下	72	2200
1980	历下	180	7500
1981	历城	40	1400
1982	市中	156	3000
1983	天桥	60	1200
1984	槐荫	147	2000
1985	章丘	90	2200
1986	历下	123	3000
1987	历下	132	3000
1988	槐荫	126	2600
1989	槐荫	110	1500
1990	历城	61	1500
1991	高新	70	1850
1992	天桥	50	1200
1993	历下	85	2800
1994	槐荫	76	2000
1995	高新	46	1700
1996	天桥	61	1700
1997	天桥	60	1200
1998	历下	193	5000
1999	市中	60	2000
2000	天桥	25	600
2001	槐荫	90	2000
2002	历下	76	2300
2003	历下	75	2300
2004	历下	85	2600
2005	历下	36	4000
2006	槐荫	90	1800
2007	高新	62	1500
2008	历城	45	1400
2009	槐荫	47	700
2010	天桥	59	1700
2011	槐荫	86	2500
2012	高新	63	2800
2013	历下	28	850
2014	历下	52	3500
2015	高新	136	2600
2016	槐荫	43	700
2017	历下	76	2500
2018	天桥	45	1000
2019	槐荫	140	2800
2020	天桥	45	1000
2021	槐荫	110	2600
2022	历城	70	1700
2023	历下	25	950
2024	历下	55	2000
2025	历城	92	1500
2026	历城	136	4200
2027	历下	25	750
2028	历下	55	2000
2029	高新	20	700
2030	槐荫	140	2800
2031	天桥	45	1000
2032	槐荫	126	3000
2033	历城	36	1000
2034	历下	68	2200
2035	天桥	70	1800
2036	市中	87	1900
2037	高新	30	700
2038	市中	100	3100
2039	历下	25	800
2040	市中	82	2300
2041	槐荫	96	2000
2042	天桥	30	1500
2043	历下	35	1500
2044	市中	67	2800
2045	高新	133	2500
2046	天桥	70	1400
2047	天桥	83	1500
2048	天桥	90	1800
2049	历下	65	2100
2050	天桥	140	3700
2051	槐荫	93	2300
2052	天桥	82	2600
2053	历下	90	2700
2054	市中	22	750
2055	历下	28	1000
2056	历下	76	2200
2057	高新	76	2900
2058	高新	48	1800
2059	槐荫	67	1600
2060	历下	80	3200
2061	长清	66	1100
2062	市中	25	300
2063	历下	88	2600
2064	历下	66	2300
2065	历城	20	800
2066	天桥	70	1100
2067	天桥	20	600
2068	天桥	98	3500
2069	天桥	105	2100
2070	天桥	28	700
2071	市中	65	1400
2072	市中	30	780
2073	高新	53	2200
2074	市中	50	1800
2075	槐荫	30	550
2076	天桥	40	1500
2077	高新	48	1800
2078	天桥	70	1150
2079	历下	57	2200
2080	历下	45	1400
2081	历下	15	900
2082	历下	90	2500
2083	历下	45	1600
2084	槐荫	64	2000
2085	历下	20	500
2086	市中	107	1900
2087	历下	60	1500
2088	天桥	70	1150
2089	历下	57	2200
2090	高新	97	2000
2091	高新	48	1600
2092	历城	15	480
2093	历城	23	800
2094	长清	1300	15600
2095	槐荫	90	1800
2096	历下	25	850
2097	高新	48	1700
2098	高新	48	1600
2099	历下	180	4900
2100	槐荫	50	1000
2101	天桥	20	500
2102	高新	95	2300
2103	天桥	60	1500
2104	槐荫	99	800
2105	长清	78	1700
2106	市中	107	2400
2107	高新	52	1650
2108	高新	95	2900
2109	天桥	59	1800
2110	市中	99	1000
2111	历城	75	2200
2112	市中	107	3400
2113	历城	22	500
2114	高新	48	1800
2115	历下	80	2400
2116	历下	65	2400
2117	槐荫	30	500
2118	历城	70	2000
2119	高新	25	750
2120	历城	25	800
2121	高新	48	1800
2122	历下	103	2600
2123	槐荫	90	2200
2124	历下	45	1600
2125	市中	71	1500
2126	天桥	13	670
2127	历下	70	1800
2128	历下	97	3500
2129	市中	100	1300
2130	天桥	104	2600
2131	高新	54	2200
2132	天桥	65	2600
2133	天桥	60	2200
2134	历下	50	1500
2135	高新	78	2400
2136	天桥	50	1400
2137	历城	58	1300
2138	历下	35	1400
2139	章丘	85	800
2140	槐荫	90	1500
2141	历下	35	1300
2142	历下	110	2900
2143	槐荫	50	2000
2144	历下	30	1000
2145	历下	35	1500
2146	天桥	50	1400
2147	历城	58	1300
2148	历下	70	2400
2149	市中	87	2000
2150	高新	26	800
2151	高新	78	2800
2152	天桥	15	200
2153	高新	48	1750
2154	市中	70	1700
2155	历下	40	1200
2156	历下	30	1200
2157	历下	60	2100
2158	天桥	57	2000
2159	市中	80	1700
2160	天桥	66	2300
2161	历城	1000	1000
2162	天桥	70	1200
2163	高新	60	2200
2164	高新	78	2650
2165	高新	34	1500
2166	高新	30	1000
2167	市中	100	2700
2168	历城	90	2200
2169	槐荫	30	1000
2170	高新	35	1000
2171	天桥	70	1600
2172	历下	20	900
2173	高新	112	3300
2174	高新	48	1999
2175	高新	95	2500
2176	长清	27	950
2177	历城	70	1000
2178	高新	29	1000
2179	天桥	56	2000
2180	历下	92	3500
2181	槐荫	30	500
2182	高新	48	1600
2183	槐荫	60	800
2184	天桥	70	1400
2185	槐荫	23	1150
2186	历下	40	1500
2187	历下	25	900
2188	历下	80	1600
2189	槐荫	97	1900
2190	槐荫	65	1400
2191	市中	94	2500
2192	历下	90	2500
2193	历下	35	1100
2194	天桥	60	2000
2195	市中	45	1500
2196	市中	89	2300
2197	槐荫	90	1500
2198	天桥	44	1400
2199	槐荫	183	8000
2200	天桥	3000	3000
2201	市中	65	2200
2202	天桥	140	4300
2203	天桥	85	2200
2204	天桥	60	2000
2205	市中	45	1500
2206	天桥	60	1200
2207	历下	70	1650
2208	槐荫	40	1000
2209	历下	97	3600
2210	高新	22	1050
2211	章丘	29	900
2212	历城	24	800
2213	槐荫	60	1800
2214	槐荫	120	3300
2215	天桥	60	1500
2216	高新	93	2700
2217	高新	48	1800
2218	槐荫	55	1500
2219	天桥	28	950
2220	历下	96	3800
2221	市中	50	1400
2222	历下	56	2700
2223	天桥	68	1350
2224	高新	95	2499
2225	市中	90	1500
2226	历下	20	850
2227	市中	30	1150
2228	历下	188	5000
2229	天桥	60	1200
2230	高新	35	830
2231	槐荫	78	1600
2232	天桥	50	1500
2233	槐荫	75	1400
2234	市中	27	1100
2235	高新	68	1800
2236	高新	21	500
2237	天桥	60	2400
2238	历城	85	1700
2239	历下	96	3000
2240	历城	25	830
2241	市中	300	25000
2242	历城	21	1150
2243	历城	70	1900
2244	天桥	30	500
2245	市中	90	1200
2246	高新	115	3300
2247	天桥	117	3000
2248	历城	120	1800
2249	天桥	47	700
2250	天桥	60	1600
2251	槐荫	77	1400
2252	天桥	40	1200
2253	历下	97	3600
2254	槐荫	96	1600
2255	天桥	17	750
2256	天桥	65	2000
2257	市中	65	2200
2258	天桥	55	1300
2259	天桥	70	1500
2260	天桥	154	2600
2261	槐荫	50	1400
2262	天桥	40	1200
2263	历下	97	3600
2264	天桥	60	1600
2265	高新	58	3000
2266	高新	65	2400
2267	天桥	83	2300
2268	市中	27	950
2269	槐荫	101	2000
2270	高新	38	1499
2271	槐荫	138	2500
2272	槐荫	70	1000
2273	槐荫	110	2600
2274	槐荫	94	2700
2275	历城	51	700
2276	高新	30	950
2277	天桥	80	2400
2278	市中	170	5000
2279	市中	60	2400
2280	历下	115	4500
2281	天桥	80	1700
2282	槐荫	102	2100
2283	天桥	27	1050
2284	天桥	29	1050
2285	高新	71	2000
2286	槐荫	45	1500
2287	历城	160	380
2288	高新	95	2500
2289	市中	16	390
2290	历城	59	1000
2291	历城	44	1300
2292	高新	48	1000
2293	历城	25	850
2294	天桥	60	1300
2295	历城	138	3500
2296	天桥	60	1600
2297	槐荫	138	3500
2298	历下	80	3100
2299	槐荫	80	1000
2300	章丘	25	900
2301	天桥	55	2200
2302	槐荫	125	2200
2303	天桥	40	1200
2304	历下	90	3000
2305	历下	75	4800
2306	市中	56	1600
2307	市中	85	1600
2308	历下	130	3000
2309	天桥	129	2500
2310	槐荫	50	1600
2311	历下	91	3500
2312	槐荫	50	1400
2313	槐荫	97	2400
2314	天桥	85	1800
2315	历下	55	2200
2316	历下	30	1700
2317	槐荫	174	6000
2318	槐荫	120	1900
2319	历城	25	900
2320	槐荫	50	1600
2321	历下	91	3500
2322	天桥	56	1100
2323	天桥	60	1900
2324	高新	100	2000
2325	高新	122	3800
2326	槐荫	29	800
2327	历城	22	950
2328	槐荫	94	2400
2329	历城	143	3300
2330	历下	86	3600
2331	槐荫	120	2000
2332	历下	92	3500
2333	历下	35	1400
2334	槐荫	130	面议
2335	天桥	59	1700
2336	历城	44	1200
2337	槐荫	60	1700
2338	历下	45	3100
2339	槐荫	100	1600
2340	槐荫	112	1000
2341	历下	25	1200
2342	槐荫	55	1600
2343	槐荫	52	1500
2344	市中	16	600
2345	市中	100	2700
2346	天桥	60	1600
2347	历下	89	2800
2348	槐荫	150	1100
2349	历下	40	1300
2350	历下	50	3500
2351	槐荫	72	1200
2352	市中	114	2200
2353	市中	60	1600
2354	天桥	60	1300
2355	市中	27	950
2356	历城	45	800
2357	商河	30	1050
2358	槐荫	108	2800
2359	槐荫	102	2400
2360	槐荫	123	2299
2361	其他	60	1800
2362	天桥	110	1500
2363	市中	101	2000
2364	历下	41	800
2365	历城	8	550
2366	市中	66	2100
2367	天桥	40	1200
2368	高新	61	2100
2369	天桥	100	2500
2370	市中	77	2300
2371	历下	67	3800
2372	历下	80	2600
2373	历下	55	1800
2374	天桥	65	2000
2375	历下	108	2600
2376	历下	50	1600
2377	历下	80	2300
2378	天桥	40	1200
2379	高新	61	2100
2380	天桥	100	2500
2381	市中	87	1200
2382	历下	65	1800
2383	天桥	88	2800
2384	天桥	27	1050
2385	天桥	60	1600
2386	天桥	22	750
2387	市中	35	1500
2388	市中	73	1400
2389	槐荫	89	1600
2390	市中	60	2200
2391	历下	29	1100
2392	高新	26	800
2393	市中	60	2360
2394	历下	60	2000
2395	历下	70	2600
2396	市中	60	2000
2397	历下	66	2100
2398	槐荫	183	3000
2399	高新	40	1200
2400	高新	21	1000
2401	槐荫	154	3500
2402	历下	75	2200
2403	槐荫	95	1900
2404	天桥	45	1700
2405	历下	80	3000
2406	市中	72	2300
2407	天桥	19	600
2408	天桥	116	1800
2409	历下	23	950
2410	天桥	140	2700
2411	市中	118	3400
2412	市中	53	2600
2413	历城	94	1800
2414	济阳	120	1300
2415	市中	44	1300
2416	天桥	80	900
2417	高新	100	3000
2418	长清	60	600
2419	市中	43	2400
2420	高新	96	3400
2421	市中	55	1100
2422	市中	136	2500
2423	槐荫	90	1800
2424	槐荫	78	1200
2425	市中	50	1100
2426	市中	88	1600
2427	高新	23	500
2428	历城	63	1300
2429	历下	85	3000
2430	天桥	80	1950
2431	历下	15	600
2432	市中	98	2900
2433	天桥	145	3400
2434	历下	50	2300
2435	天桥	48	1100
2436	高新	23	500
2437	历下	25	800
2438	历城	60	1600
2439	高新	70	2250
2440	槐荫	52	1500
2441	槐荫	55	3500
2442	高新	25	800
2443	历城	23	850
2444	市中	85	1400
2445	高新	87	3700
2446	市中	85	1400
2447	市中	147	3800
2448	天桥	100	2300
2449	历下	30	1099
2450	历下	80	700
2451	天桥	21	1050
2452	历城	91	1600
2453	历下	80	2200
2454	天桥	41	1300
2455	历城	90	1500
2456	历下	22	900
2457	历下	85	2200
2458	历城	20	1000
2459	历城	15	600
2460	槐荫	118	2400
2461	市中	100	1500
2462	市中	68	2000
2463	市中	100	1500
2464	槐荫	45	4500
2465	天桥	100	2800
2466	历城	62	1000
2467	槐荫	113	2300
2468	历下	95	4500
2469	高新	90	3100
2470	槐荫	154	3500
2471	槐荫	89	1700
2472	市中	120	2500
2473	市中	25	900
2474	天桥	70	1300
2475	高新	210	8999
2476	天桥	114	2000
2477	槐荫	80	1500
2478	历下	95	3000
2479	市中	101	1800
2480	市中	85	1500
2481	历下	62	2300
2482	天桥	58	1800
2483	市中	110	1800
2484	高新	164	4200
2485	槐荫	65	2000
2486	槐荫	100	2600
2487	槐荫	45	2100
2488	历城	52	2300
2489	历城	82	1600
2490	历城	95	1600
2491	高新	15	300
2492	历城	15	650
2493	槐荫	61	2300
2494	高新	164	4200
2495	槐荫	65	2000
2496	槐荫	154	3500
2497	济阳	130	1300
2498	其他	65	2200
2499	市中	85	1400
2500	高新	25	930
2501	市中	60	1300
2502	市中	100	1500
2503	天桥	96	2500
2504	槐荫	59	2300
2505	历下	85	1800
2506	市中	99	1500
2507	高新	28	750
2508	历下	110	3000
2509	高新	75	2111
2510	槐荫	110	3200
2511	历下	65	2600
2512	历城	101	1600
2513	历城	92	1700
2514	历下	157	3300
2515	市中	75	1300
2516	天桥	55	1350
2517	历下	90	2700
2518	高新	48	1900
2519	历下	108	3000
2520	高新	101	2600
2521	历城	45	1700
2522	商河	45	500
2523	天桥	16	500
2524	市中	51	1800
2525	市中	40	1500
2526	市中	44	1500
2527	槐荫	95	2300
2528	槐荫	91	1600
2529	历下	112	2300
2530	市中	140	3500
2531	高新	20	700
2532	高新	150	3600
2533	其他	60	1700
2534	市中	98	1500
2535	市中	98	1800
2536	高新	143	5000
2537	天桥	99	2300
2538	历下	50	2000
2539	槐荫	56	2200
2540	历下	58	1700
2541	历城	120	1800
2542	历城	400	16666
2543	历城	25	800
2544	槐荫	61	2300
2545	历下	122	3600
2546	历城	20	800
2547	历城	65	1800
2548	历下	19	600
2549	历城	58	1500
2550	市中	96	1800
2551	历城	80	1800
2552	历城	25	600
2553	历城	30	1200
2554	天桥	100	2000
2555	市中	85	1700
2556	高新	136	6500
2557	章丘	100	1500
2558	济阳	45	500
2559	天桥	80	1600
2560	历城	60	1400
2561	槐荫	20	1200
2562	历下	40	1400
2563	历下	110	2800
2564	高新	21	500
2565	市中	90	2400
2566	历城	30	430
2567	历城	95	2200
2568	槐荫	84	2300
2569	天桥	60	1200
2570	高新	100	2200
2571	天桥	60	2166
2572	历下	90	2800
2573	天桥	70	1500
2574	天桥	60	1400
2575	槐荫	90	2000
2576	槐荫	100	2600
2577	历下	55	1900
2578	历下	90	2200
2579	历下	111	4000
2580	章丘	60	960
2581	槐荫	113	2300
2582	历下	60	2000
2583	市中	89	2850
2584	历城	20	700
2585	天桥	25	1000
2586	市中	72	1800
2587	天桥	140	4000
2588	槐荫	136	2600
2589	历下	50	1900
2590	高新	50	3000
2591	市中	67	2350
2592	历城	45	1100
2593	槐荫	105	2500
2594	章丘	115	1800
2595	历下	104	3100
2596	槐荫	45	1600
2597	天桥	55	1100
2598	天桥	75	1500
2599	槐荫	93	1500
2600	历下	110	2800
2601	历城	55	1300
2602	历城	25	800
2603	天桥	85	1800
2604	历城	118	1800
2605	历城	108	1900
2606	天桥	148	4200
2607	历城	75	1800
2608	历城	20	800
2609	历下	35	1500
2610	天桥	22	680
2611	槐荫	86	1700
2612	槐荫	70	1500
2613	高新	20	399
2614	历城	15	520
2615	历下	120	2500
2616	高新	86	2400
2617	历下	135	3500
2618	历城	20	750
2619	高新	18	470
2620	历下	90	2500
2621	天桥	22	700
2622	天桥	40	850
2623	天桥	60	1400
2624	市中	20	340
2625	长清	45	600
2626	历城	96	2600
2627	槐荫	60	1200
2628	高新	48	1800
2629	天桥	122	2400
2630	槐荫	92	1000
2631	历下	92	3000
2632	天桥	60	1300
2633	天桥	37	1500
2634	济阳	40	900
2635	历城	40	1050
2636	高新	60	1900
2637	历下	40	1700
2638	市中	72	1200
2639	市中	45	1100
2640	历城	110	700
2641	历城	15	550
2642	天桥	20	700
2643	历城	19	900
2644	天桥	60	1500
2645	历城	90	1800
2646	市中	60	2000
2647	历下	50	1800
2648	槐荫	100	2600
2649	历下	45	1400
2650	槐荫	61	2100
2651	历下	55	2000
2652	历下	35	1300
2653	历下	100	2500
2654	历下	45	1600
2655	历下	80	2600
2656	天桥	25	900
2657	天桥	96	2500
2658	天桥	121	4000
2659	市中	73	2200
2660	天桥	138	4000
2661	槐荫	96	2100
2662	天桥	121	4000
2663	历下	50	2000
2664	槐荫	90	1800
2665	天桥	115	3200
2666	天桥	96	2500
2667	高新	95	2800
2668	历下	100	4500
2669	天桥	65	1600
2670	槐荫	60	1500
2671	槐荫	100	1700
2672	历下	110	2200
2673	历城	96	1900
2674	历城	60	1400
2675	槐荫	96	2000
2676	高新	17	700
2677	历下	120	3200
2678	历下	40	1600
2679	天桥	60	1800
2680	历下	68	2200
2681	历下	64	2500
2682	市中	150	4000
2683	历城	18	700
2684	历下	85	2800
2685	历下	35	1500
2686	历城	19	900
2687	天桥	50	1500
2688	历下	60	2580
2689	历下	51	1400
2690	天桥	60	2500
2691	槐荫	60	1800
2692	槐荫	60	2300
2693	历城	32	260
2694	历下	46	1400
2695	历城	15	680
2696	历城	20	600
2697	历城	15	680
2698	槐荫	125	2200
2699	历城	40	1050
2700	市中	80	2500
2701	历下	118	3000
2702	市中	116	5300
2703	天桥	15	750
2704	历城	120	600
2705	历城	30	1000
2706	槐荫	110	2000
2707	市中	70	1000
2708	槐荫	110	2000
2709	槐荫	80	2000
2710	历下	45	1400
2711	槐荫	98	3100
2712	历城	55	1600
2713	槐荫	50	1600
2714	历城	142	2000
2715	历城	45	1400
2716	历城	20	500
2717	槐荫	30	480
2718	天桥	167	3600
2719	高新	56	2800
2720	市中	66	2200
2721	历下	25	1200
2722	市中	130	5200
2723	历下	55	1600
2724	历城	45	1400
2725	天桥	100	2700
2726	章丘	90	1100
2727	历下	149	5900
2728	历下	98	3000
2729	历下	50	1600
2730	槐荫	98	3100
2731	历城	45	500
2732	槐荫	30	1500
2733	市中	98	3200
2734	市中	95	3500
2735	天桥	42	1500
2736	天桥	80	2100
2737	市中	43	1200
2738	历城	110	1500
2739	高新	21	750
2740	历城	96	1400
2741	历城	96	1200
2742	天桥	94	1500
2743	历城	32	260
2744	槐荫	132	2400
2745	天桥	167	4200
2746	历下	20	800
2747	天桥	46	1200
2748	历城	32	330
2749	历下	35	1400
2750	槐荫	68	2500
2751	市中	190	6000
2752	市中	95	3000
2753	历下	70	2800
2754	历城	20	700
2755	高新	98	3100
2756	市中	65	1200
2757	市中	82	1580
2758	天桥	96	2500
2759	天桥	95	2100
2760	历下	30	1500
2761	历下	42	700
2762	历下	46	700
2763	历下	120	3500
2764	市中	70	950
2765	槐荫	80	1500
2766	市中	67	1800
2767	天桥	75	1600
2768	槐荫	91	2100
2769	槐荫	58	2000
2770	历城	32	260
2771	天桥	70	1800
2772	历城	32	800
2773	天桥	91	1500
2774	市中	90	3200
2775	历下	30	1500
2776	高新	18	500
2777	市中	126	4500
2778	高新	75	1895
2779	市中	60	1700
2780	天桥	50	1000
2781	天桥	70	1800
2782	历城	32	800
2783	槐荫	93	1800
2784	历城	33	800
2785	市中	60	2200
2786	历下	30	1600
2787	高新	41	800
2788	历下	47	800
2789	槐荫	62	2000
2790	槐荫	56	2200
2791	槐荫	141	3600
2792	天桥	50	800
2793	历城	20	700
2794	槐荫	60	1600
2795	历城	16	300
2796	天桥	28	1300
2797	高新	47	1900
2798	天桥	50	1400
2799	历城	45	1200
2800	天桥	5	400
2801	天桥	37	1700
2802	章丘	90	1100
2803	天桥	65	1700
2804	市中	173	5000
2805	其他	78	1700
2806	历城	20	580
2807	历下	56	2100
2808	历下	130	4500
2809	历下	60	2300
2810	天桥	40	700
2811	天桥	42	800
2812	历下	63	2300
2813	历下	40	1700
2814	历下	68	2200
2815	天桥	140	1600
2816	天桥	70	1200
2817	槐荫	88	2600
2818	槐荫	120	2300
2819	历城	110	3600
2820	天桥	16	500
2821	历城	83	2200
2822	天桥	130	3500
2823	天桥	45	1200
2824	天桥	91	1800
2825	槐荫	20	550
2826	槐荫	90	1000
2827	天桥	70	1400
2828	槐荫	75	1500
2829	市中	16	600
2830	天桥	70	1400
2831	历下	80	1900
2832	历城	125	2900
2833	市中	16	480
2834	历城	20	650
2835	历城	110	2500
2836	市中	227	6500
2837	历城	19	550
2838	历城	73	2600
2839	天桥	70	1400
2840	天桥	75	1100
2841	天桥	85	1500
2842	天桥	68	1350
2843	历城	65	1400
2844	高新	118	4300
2845	高新	70	2200
2846	历城	82	2500
2847	高新	48	600
2848	天桥	95	2500
2849	历下	200	21000
2850	槐荫	98	1900
2851	市中	21	750
2852	天桥	36	1500
2853	槐荫	111	2500
2854	天桥	55	600
2855	历下	87	1800
2856	槐荫	45	1600
2857	槐荫	45	1800
2858	历城	16	500
2859	市中	18	600
2860	历城	96	1600
2861	天桥	20	750
2862	高新	97	2888
2863	槐荫	135	2000
2864	历下	30	1400
2865	高新	15	750
2866	市中	50	1600
2867	槐荫	143	3300
2868	天桥	75	1000
2869	历城	103	3000
2870	市中	44	800
2871	历城	15	500
2872	槐荫	92	2300
2873	历下	72	3000
2874	历城	80	1200
2875	槐荫	86	1600
2876	历下	72	2400
2877	历城	60	1800
2878	市中	220	2600
2879	天桥	85	2500
2880	历城	160	3600
2881	槐荫	117	1000
2882	槐荫	87	2200
2883	历下	87	2400
2884	历城	94	1700
2885	历下	40	1700
2886	历下	40	1700
2887	槐荫	78	1500
2888	天桥	45	1200
2889	天桥	95	2300
2890	历城	130	2900
2891	历城	120	2700
2892	历城	80	1900
2893	历下	60	2000
2894	历城	42	1700
2895	历城	130	2900
2896	高新	38	1300
2897	天桥	3000	3000
2898	历城	50	1300
2899	天桥	100	1900
2900	天桥	90	1900
2901	天桥	92	1400
2902	天桥	80	1900
2903	历城	42	800
2904	历城	165	4000
2905	章丘	44	800
2906	槐荫	75	1600
2907	槐荫	91	1600
2908	天桥	100	1800
2909	市中	20	650
2910	槐荫	58	1800
2911	天桥	93	1900
2912	高新	20	600
2913	历下	44	800
2914	历城	45	700
2915	天桥	58	1800
2916	历城	118	1800
2917	槐荫	71	1900
2918	天桥	50	1000
2919	历城	60	1400
2920	市中	130	2300
2921	历城	45	800
2922	天桥	60	800
2923	天桥	95	2400
2924	天桥	15	550
2925	历下	48	1800
2926	历下	68	2300
2927	历下	40	1700
2928	槐荫	60	1200
2929	槐荫	58	2000
2930	商河	45	1300
2931	槐荫	126	2400
2932	槐荫	140	2400
2933	槐荫	130	2400
2934	槐荫	100	1800
2935	槐荫	98	1900
2936	历城	30	750
2937	市中	20	850
2938	历城	20	700
2939	天桥	80	1700
2940	历下	61	2500
2941	历下	8	500
2942	天桥	154	2600
2943	槐荫	130	1300
2944	历下	65	2500
2945	槐荫	68	1800
2946	高新	38	4200
2947	长清	89	1600
2948	长清	137	2000
2949	历城	78	2300
2950	历下	20	1250
2951	历下	81	3100
2952	历下	56	2500
2953	天桥	40	900
2954	历下	25	2
2955	高新	38	4200
2956	历下	100	2400
2957	市中	121	2600
2958	市中	26	700
2959	槐荫	96	2000
2960	槐荫	125	2800
2961	市中	41	800
2962		83	2600
2963	槐荫	45	1500
2964	历城	16	450
2965	市中	20	700
2966	市中	26	750
2967	天桥	18	600
2968	天桥	26	650
2969	历下	45	2000
2970	历城	55	1600
2971	高新	45	1000
2972	槐荫	20	800
2973	历下	45	1900
2974	天桥	98	1400
2975	槐荫	143	2500
2976	历城	39	1100
2977	天桥	55	2200
2978	历下	52	500
2979	天桥	50	1000
2980	市中	90	2600
2981		58	1500
2982	槐荫	40	1100
2983	槐荫	40	1500
2984	天桥	42	1100
2985	历下	40	700
2986	市中	59	600
2987	市中	42	800
2988	槐荫	50	550
2989	天桥	65	1200
2990	市中	88	1100
2991	章丘	110	1500
2992	历城	50	1500
2993	天桥	60	1500
2994	天桥	23	450
2995	济阳	98	1300
2996	槐荫	35	3300
2997	历下	40	1900
2998	历下	68	2300
2999	历下	60	2100
3000	历下	55	1600
3001	槐荫	93	3200
3002	槐荫	98	1900
3003	槐荫	130	2400
3004	槐荫	124	2200
3005	历下	96	4300
3006	历下	50	2200
3007	历城	160	380
3008	天桥	149	2900
3009	济阳	135	1300
3010	槐荫	66	1700
3011	历下	36	1999
3012	济阳	91	1000
3013	历下	60	2300
3014	天桥	50	1500
3015	天桥	65	1500
3016	历城	55	1700
3017	高新	20	600
3018	市中	20	700
3019	高新	30	900
3020	历城	130	1700
3021	历下	75	1800
3022	历城	90	1800
3023	天桥	40	700
3024	市中	100	3700
3025	天桥	75	1500
3026	历城	65	1500
3027	市中	42	800
3028	历城	41	700
3029	天桥	40	1200
3030	历城	80	1800
3031	历城	65	1600
3032	槐荫	17	380
3033	历下	145	3000
3034	历城	80	1500
3035	高新	30	850
3036	市中	70	2500
3037	历城	86	1950
3038	历城	60	350
3039	历下	1270	50000
3040	历城	82	1900
3041	历下	69	2000
3042	历下	55	2200
3043	历城	30	1000
3044	槐荫	50	900
3045	槐荫	96	1800
3046	市中	90	3100
3047	天桥	26	650
3048	市中	26	780
3049	历下	56	500
3050	槐荫	90	1100
3051	天桥	60	1200
3052	历下	20	1000
3053	天桥	125	1200
3054	历城	36	1000
3055	天桥	22	650
3056	市中	105	2500
3057	槐荫	100	1600
3058	高新	96	500
3059	槐荫	93	2300
3060	市中	20	850
3061	天桥	90	2000
3062	天桥	85	2600
3063	槐荫	65	1900
3064	历城	20	700
3065	槐荫	34	580
3066	槐荫	91	1800
3067	济阳	95	1100
3068	天桥	55	1550
3069	高新	96	2600
3070	历下	44	2500
3071	槐荫	62	2000
3072	槐荫	56	2200
3073	槐荫	141	3600
3074	天桥	50	800
3075	历城	20	700
3076	槐荫	60	1600
3077	市中	104	1300
3078	天桥	115	2800
3079	历下	80	350
3080	高新	47	1900
3081	天桥	50	1400
3082	历城	45	1200
3083	天桥	5	400
3084	天桥	37	1700
3085	章丘	90	1100
3086	市中	90	2500
3087	历下	20	700
3088	市中	173	5000
3089	其他	78	1700
3090	历城	20	580
3091	历下	56	2100
3092	历下	130	4500
3093	历下	60	2300
3094	历下	70	2800
3095	历下	40	1700
3096	历下	68	2200
3097	天桥	140	1600
3098	天桥	70	1200
3099	槐荫	88	2600
3100	槐荫	120	2300
3101	天桥	100	2900
3102	天桥	16	500
3103	历城	83	2200
3104	天桥	130	3500
3105	天桥	45	1200
3106	天桥	91	1800
3107	槐荫	20	550
3108	历下	20	700
3109	历城	150	1
3110	天桥	72	1600
3111	天桥	70	1400
3112	槐荫	75	1500
3113	市中	16	600
3114	天桥	70	1400
3115	天桥	75	1100
3116	天桥	85	1500
3117	天桥	68	1350
3118	历城	65	1400
3119	高新	118	4300
3120	天桥	95	2500
3121	槐荫	57	1500
3122	历城	30	850
3123	高新	50	2200
3124	槐荫	80	1600
3125	槐荫	95	1600
3126	槐荫	87	2600
3127	历下	25	800
3128	历下	97	4500
3129	市中	50	1800
3130	天桥	15	600
3131	章丘	92	1200
3132	市中	89	2100
3133	历城	86	1650
3134	章丘	97	1400
3135	高新	18	700
3136	槐荫	15	400
3137	高新	104	5000
3138	天桥	50	1200
3139	历下	70	2600
3140	槐荫	126	2300
3141	天桥	116	1600
3142	槐荫	107	3000
3143	天桥	85	2300
3144	天桥	20	650
3145	天桥	26	700
3146	天桥	16	550
3147	天桥	26	600
3148	槐荫	146	3400
3149	历城	132	2400
3150	天桥	60	1300
3151	市中	20	900
3152	槐荫	118	2300
3153	历下	50	2000
3154	天桥	124	2000
3155	槐荫	60	1000
3156	天桥	120	2100
3157	章丘	48	700
3158	历下	35	1500
3159	天桥	90	2400
3160	天桥	60	1500
3161	市中	116	2200
3162	槐荫	20	480
3163	市中	87	2300
3164	历城	46	700
3165	槐荫	56	1500
3166	槐荫	93	2000
3167	槐荫	126	2200
3168	天桥	26	700
3169	市中	16	480
3170	天桥	100	1800
3171	槐荫	55	2300
3172	槐荫	88	2200
3173	槐荫	105	3000
3174	天桥	30	750
3175	天桥	16	500
3176	天桥	46	1700
3177	天桥	48	800
3178	天桥	42	700
3179	历下	20	800
3180	槐荫	61	1600
3181	市中	55	2100
3182	市中	75	3000
3183	市中	104	1500
3184	市中	100	2200
3185	历城	20	1000
3186	市中	94	3000
3187	历城	18	950
3188	历下	35	1300
3189	天桥	55	2000
3190	槐荫	141	2200
3191	高新	50	1599
3192	市中	58	2000
3193	历下	15	630
3194	高新	20	600
3195	槐荫	78	2300
3196	历城	99	1600
3197	天桥	85	1400
3198	历城	89	1600
3199	天桥	175	2600
3200	天桥	1500	1400
3201	市中	15	1000
3202	天桥	108	2400
3203	天桥	60	1600
3204	槐荫	35	900
3205	天桥	120	1800
3206	历下	20	500
3207	历下	109	3300
3208	历下	72	2300
3209	天桥	13	300
3210	历下	30	800
3211	历城	30	700
3212	市中	107	2300
3213	高新	152	1800
3214	槐荫	55	1800
3215	槐荫	130	2300
3216	历下	16	650
3217	天桥	108	2200
3218	槐荫	84	1500
3219	市中	50	1500
3220	市中	20	750
3221	市中	20	600
3222	槐荫	90	1000
3223	天桥	105	2400
3224	天桥	65	1300
3225	天桥	75	1300
3226	天桥	53	1400
3227	天桥	32	700
3228	市中	60	1000
3229	槐荫	120	2200
3230	市中	78	1500
3231	市中	68	1800
3232	市中	60	1600
3233	历城	93	3900
3234	高新	97	2800
3235	市中	120	2300
3236	历城	65	1300
3237	天桥	65	1900
3238	槐荫	157	3400
3239	历下	100	2600
3240	市中	50	1500
3241	市中	90	2000
3242	历下	140	3500
3243	市中	90	1500
3244	天桥	60	1200
3245	天桥	90	1500
3246	历城	96	1400
3247	天桥	110	2000
3248	高新	40	1700
3249	历城	35	700
3250	槐荫	87	2400
3251	历下	7	650
3252	章丘	140	1600
3253	槐荫	30	500
3254	槐荫	125	2200
3255	高新	128	3600
3256	历下	35	1400
3257	历下	115	2500
3258	天桥	70	1300
3259	槐荫	20	650
3260	天桥	52	1400
3261	商河	46	500
3262	高新	20	450
3263	历下	79	2000
3264	高新	20	500
3265	高新	20	600
3266	槐荫	65	2000
3267	槐荫	110	3500
3268	天桥	15	650
3269	历下	130	4000
3270	槐荫	98	1700
3271	历下	96	2490
3272	历下	86	2200
3273	天桥	96	2800
3274	槐荫	115	2700
3275	历城	80	1300
3276	高新	100	2600
3277	槐荫	37	500
3278	高新	18	400
3279	历下	15	400
3280	槐荫	58	1800
3281	槐荫	58	2000
3282	天桥	20	600
3283	历下	30	950
3284	历下	45	1800
3285	市中	134	1000
3286	市中	97	4300
3287	槐荫	164	3100
3288	历下	30	1200
3289	历下	70	1500
3290	天桥	44	1550
3291	历下	75	1650
3292	历下	80	2500
3293	历下	65	2300
3294	高新	25	400
3295	天桥	50	1400
3296	市中	147	4000
3297	槐荫	50	1300
3298	槐荫	120	1900
3299	历下	66	2400
3300	历城	209	580
3301	历城	21	580
3302	历城	23	880
3303	天桥	80	1800
3304	槐荫	180	3800
3305	市中	55	1200
3306	历城	25	900
3307	历城	22	820
3308	天桥	108	3300
3309	历城	82	3200
3310	历下	95	2500
3311	天桥	75	1000
3312	高新	164	6000
3313	历下	20	450
3314	槐荫	76	1100
3315	槐荫	46	2200
3316	市中	100	2600
3317	历下	131	3500
3318	济阳	46	500
3319	历下	131	3000
3320	天桥	35	1280
3321	高新	38	1600
3322	历城	23	850
3323	高新	122	3800
3324	槐荫	58	1800
3325	历城	20	600
3326	历下	25	800
3327	平阴	50	500
3328	槐荫	75	1450
3329	历下	50	1650
3330	历下	139	3200
3331	槐荫	135	5000
3332	天桥	70	1800
3333	天桥	20	1100
3334	历下	28	1150
3335	高新	25	400
3336	高新	20	1000
3337	历城	20	600
3338	高新	25	500
3339	高新	73	1900
3340	历下	80	2500
3341	槐荫	88	1600
3342	历下	65	2500
3343	历下	80	2400
3344	槐荫	170	4000
3345	历下	70	2000
3346	天桥	103	1600
3347	天桥	65	1600
3348	槐荫	59	2000
3349	槐荫	114	3500
3350	槐荫	182	7000
3351	市中	88	2500
3352	高新	20	1000
3353	历城	22	680
3354	历城	23	780
3355	历城	30	650
3356	历城	40	1400
3357	历下	22	780
3358	历城	20	780
3359	历城	23	480
3360	历下	138	3000
3361	历城	19	450
3362	历下	20	1000
3363	历城	103	2100
3364	历下	100	2600
3365	槐荫	120	1300
3366	槐荫	76	1800
3367	市中	20	500
3368	市中	52	2300
3369	高新	25	600
3370	槐荫	78	900
3371	天桥	72	1600
3372	天桥	50	1200
3373	市中	73	2500
3374	历下	48	1700
3375	历下	25	750
3376	高新	50	1750
3377	历下	25	950
3378	历下	25	850
3379	市中	16	480
3380	天桥	22	800
3381	天桥	110	2100
3382	高新	98	3500
3383	历城	135	3500
3384	历下	78	2600
3385	槐荫	32	700
3386	天桥	86	2000
3387	市中	90	3000
3388	历下	40	1700
3389	天桥	85	1600
3390	槐荫	81	1000
3391	天桥	90	1800
3392	章丘	46	500
3393	历城	28	1050
3394	历下	55	2000
3395	历城	20	500
3396	历下	25	920
3397	历下	25	700
3398	天桥	92	1700
3399	天桥	91	1200
3400	长清	46	500
3401	高新	97	3000
3402	天桥	50	1000
3403	历下	25	750
3404	历城	25	750
3405	槐荫	98	2100
3406	槐荫	15	600
3407	市中	90	2400
3408	历城	97	2800
3409	历下	25	800
3410	历城	30	800
3411	天桥	60	1000
3412	历下	13	1000
3413	天桥	190	2400
3414	历城	25	980
3415	历城	20	680
3416	历下	25	1100
3417	历下	81	2800
3418	市中	97	2700
3419	历下	45	1800
3420	历下	65	1700
3421	天桥	16	500
3422	历下	25	750
3423	槐荫	90	1500
3424	槐荫	90	1050
3425	高新	160	4200
3426	历下	30	1100
3427	历下	18	750
3428	市中	60	1600
3429	市中	40	1800
3430	天桥	80	1700
3431	市中	16	550
3432	历城	95	1600
3433	市中	111	1400
3434	历下	25	750
3435	高新	48	1700
3436	市中	70	1450
3437	历下	28	1400
3438	章丘	80	1200
3439	槐荫	98	1400
3440	天桥	62	2000
3441	槐荫	46	500
3442		106	2300
3443	天桥	18	550
3444	历城	25	700
3445	历下	25	850
3446	历城	35	800
3447	历下	25	900
3448	天桥	96	2650
3449	市中	57	2400
3450	高新	46	500
3451	历下	60	1800
3452	市中	68	1800
3453	槐荫	86	2100
3454	市中	130	4500
3455	历下	75	2200
3456	市中	20	820
3457	历城	25	900
3458	历城	105	2500
3459	济阳	130	1400
3460	历下	60	1950
3461	历下	25	800
3462	历城	20	500
3463	槐荫	130	3300
3464	槐荫	75	1500
3465	天桥	80	1700
3466	历城	20	400
3467	市中	62	3500
3468	槐荫	97	1000
3469	市中	85	1450
3470	天桥	105	2200
3471	槐荫	50	1400
3472	天桥	104	2600
3473	历城	120	1800
3474	历下	70	2500
3475	高新	20	500
3476		78	2000
3477	槐荫	2500	2500
3478	高新	50	1855
3479	槐荫	72	2200
3480	历下	25	920
3481	历城	25	650
3482	历城	25	850
3483	历下	68	2600
3484	历城	46	500
3485	历下	25	800
3486	历下	25	800
3487	槐荫	25	800
3488	市中	26	820
3489	市中	135	2800
3490	天桥	143	2000
3491	天桥	46	500
3492	天桥	35	1280
3493	槐荫	107	3500
3494	天桥	25	880
3495	天桥	60	2000
3496	天桥	57	2500
3497	历下	135	4000
3498	高新	18	1100
3499	历下	95	3200
3500	历城	59	1300
3501	历城	160	380
3502	历下	104	2200
3503	市中	50	1300
3504	历城	45	1800
3505	历城	38	1400
3506	槐荫	56	1200
3507	历城	80	2200
3508	历下	90	2800
3509	高新	97	3000
3510	历城	122	2500
3511	历下	70	2400
3512	高新	13	500
3513	历下	65	4500
3514	槐荫	110	1250
3515	槐荫	30	1000
3516	槐荫	30	1300
3517	历城	40	1900
3518	市中	56	2100
3519	历下	96	3000
3520	历城	23	800
3521	市中	12	1500
3522	历下	90	2800
3523	历下	70	2500
3524	高新	120	1300
3525	历下	67	4200
3526	市中	125	2500
3527	历下	136	5000
3528	高新	167	3000
3529	历城	20	680
3530	高新	87	3000
3531		42	1800
3532		58	1500
3533	高新	136	4500
3534	历下	20	700
3535	历城	30	1000
3536	历城	43	1350
3537	高新	92	2100
3538	历下	65	2500
3539	历下	25	900
3540	市中	170	2000
3541	历下	30	850
3542	历城	23	900
3543	高新	53	2100
3544	历城	94	2000
3545	历城	37	1500
3546	历城	38	1500
3547	高新	28	800
3548	天桥	96	2500
3549	历下	30	900
3550	章丘	25	500
3551	历下	40	2000
3552	市中	155	6000
3553	天桥	47	1800
3554	市中	115	4500
3555	天桥	86	1400
3556	天桥	65	1300
3557	历下	70	1700
3558	历下	28	950
3559	槐荫	16	640
3560	历下	93	4500
3561	历下	130	3200
3562	槐荫	50	1500
3563	历城	69	1300
3564	历城	52	2000
3565	历下	100	5800
3566	高新	14	900
3567	历城	30	1000
3568	天桥	120	4000
3569	天桥	120	4500
3570	历下	75	2300
3571	高新	96	2200
3572	高新	255	5999
3573	历下	45	1600
3574	历下	60	1700
3575	天桥	86	1400
3576	历下	80	2800
3577	历下	76	3100
3578	槐荫	86	2000
3579	历下	25	1000
3580	历城	96	1400
3581	历城	100	2600
3582	历下	90	2500
3583	历下	30	800
3584	历下	55	2400
3585	高新	20	650
3586	市中	20	600
3587	天桥	2800	2800
3588	高新	20	680
3589	槐荫	68	1800
3590	高新	80	2600
3591	历下	25	800
3592	天桥	36	700
3593	市中	57	2300
3594	天桥	60	2300
3595	高新	10	600
3596	历城	85	2100
3597	槐荫	113	2600
3598	历下	70	2500
3599	历下	110	3600
3600	天桥	105	2200
3601	历下	25	900
3602	历下	104	2400
3603	历城	82	2300
3604	历下	55	2000
3605	历下	150	4300
3606	槐荫	42	1200
3607	历城	120	3000
3608	市中	95	4500
3609	高新	139	2700
3610	高新	130	3200
3611	历下	95	5000
3612	历下	93	3000
3613	槐荫	110	1500
3614	高新	20	800
3615	槐荫	15	500
3616	天桥	50	1200
3617	历下	25	850
3618	历下	60	2000
3619	天桥	15	390
3620	历下	25	1150
3621	市中	65	1800
3622	天桥	23	1200
3623	历下	40	1500
3624	历下	60	2600
3625	槐荫	80	2000
3626	天桥	60	1300
3627	历下	70	1100
3628	历城	21	950
3629	天桥	23	900
3630	天桥	13	650
3631	槐荫	92	2300
3632	槐荫	94	1900
3633	槐荫	21	700
3634	高新	145	3500
3635	槐荫	101	2100
3636	历城	24	1150
3637	槐荫	65	800
3638	天桥	45	1500
3639	天桥	140	4000
3640	天桥	91	2800
3641	天桥	96	2100
3642	历下	134	4300
3643	高新	93	3100
3644	历城	95	2300
3645	历下	40	2200
3646	槐荫	34	580
3647	历城	33	800
3648	高新	101	700
3649	历城	89	2700
3650	历城	40	1700
3651	高新	63	2800
3652	槐荫	75	1550
3653	天桥	40	1500
3654	高新	85	1600
3655	槐荫	113	2000
3656	槐荫	118	1800
3657	天桥	15	500
3658	天桥	88	1800
3659	历下	25	800
3660	天桥	95	2200
3661	市中	80	2600
3662	天桥	50	1500
3663	槐荫	120	2100
3664	高新	26	450
3665	天桥	68	1600
3666	历城	20	500
3667	历下	80	2300
3668	历城	45	1399
3669	市中	90	1400
3670	天桥	63	1999
3671	历城	78	2200
3672	天桥	60	1300
3673	市中	58	1800
3674	高新	93	2200
3675	槐荫	143	3500
3676	天桥	60	1700
3677	历下	92	2100
3678	历下	90	3200
3679	历下	28	1300
3680	历城	93	2000
3681	天桥	44	1600
3682	天桥	28	1300
3683	历下	125	4500
3684	历城	46	1800
3685	槐荫	75	1600
3686	市中	85	3400
3687	章丘	43	700
3688	天桥	76	2100
3689	市中	67	2000
3690	槐荫	97	1600
3691	高新	100	2500
3692	历城	30	900
3693	槐荫	90	1800
3694	市中	150	4800
3695	历下	45	800
3696	市中	55	2100
3697	天桥	60	1000
3698	天桥	56	1700
3699	历下	112	4300
3700	市中	128	5000
3701	天桥	110	2000
3702	市中	65	1200
3703	历城	82	3000
3704	历城	180	4000
3705	天桥	95	2300
3706	历城	32	260
3707	历城	180	4000
3708	市中	65	1600
3709	历城	96	2300
3710	槐荫	120	1600
3711	槐荫	22	600
3712	槐荫	93	2300
3713	槐荫	101	1900
3714	市中	60	2000
3715	章丘	130	1600
3716	高新	15	750
3717	历下	85	2800
3718	槐荫	143	3000
3719	历下	93	3300
3720	市中	69	1500
3721	历城	92	3300
3722	市中	101	2300
3723	槐荫	60	1800
3724	槐荫	97	2700
3725	高新	56	3000
3726	天桥	60	1300
3727	市中	16	550
3728	槐荫	99	1700
3729	天桥	70	1600
3730	槐荫	97	2300
3731	槐荫	15	780
3732	槐荫	15	650
3733	市中	50	1600
3734	槐荫	124	2200
3735	槐荫	94	1800
3736	高新	15	450
3737	历下	60	1600
3738	历城	20	700
3739	天桥	70	1100
3740	槐荫	95	1800
3741	历城	30	1300
3742	市中	105	1500
3743	天桥	128	2800
3744	历城	93	2300
3745	历下	52	1600
3746	市中	20	1150
3747	市中	60	1400
3748	章丘	110	1800
3749	槐荫	21	800
3750	槐荫	85	2800
3751	历城	162	3000
3752	市中	51	1400
3753	高新	23	1000
3754	历城	110	1800
3755	历城	93	1400
3756	历下	45	1800
3757	天桥	70	2200
3758	槐荫	52	600
3759	市中	26	780
3760	长清	100	1700
3761	历城	143	2300
3762	高新	70	2000
3763	天桥	23	1060
3764	历城	100	2500
3765	高新	70	2000
3766	市中	105	2300
3767	高新	60	2000
3768	长清	99	1500
3769	历下	67	3800
3770	历城	104	2100
3771	天桥	80	1500
3772	历下	120	3000
3773	历下	45	1500
3774	历城	50	1900
3775	天桥	56	1200
3776	天桥	80	2500
3777	长清	185	2600
3778	天桥	90	2100
3779	天桥	55	1100
3780	历城	20	450
3781	历城	27	1100
3782	市中	29	1050
3783	槐荫	120	2200
3784	槐荫	88	2200
3785	天桥	78	2000
3786	天桥	45	1100
3787	历下	86	3800
3788	天桥	34	1300
3789	天桥	30	500
3790	天桥	156	1900
3791	历城	70	1500
3792	历城	90	2300
3793	天桥	22	700
3794	天桥	60	2100
3795	天桥	50	1200
3796	槐荫	117	3000
3797	天桥	80	1500
3798	历下	27	1000
3799	槐荫	100	2000
3800	槐荫	141	4000
3801	天桥	52	1200
3802	天桥	62	1300
3803	历下	74	2000
3804	历下	93	3700
3805	天桥	48	1100
3806	市中	22	900
3807	市中	94	2000
3808	天桥	70	1500
3809	天桥	76	1500
3810	历下	124	2600
3811	历下	45	1800
3812	天桥	50	1000
3813	槐荫	170	5000
3814	天桥	50	2300
3815	历城	85	2500
3816	历城	95	1500
3817	历城	63	2000
3818	槐荫	98	2600
3819	槐荫	30	550
3820	天桥	55	1800
3821	槐荫	92	2700
3822	天桥	55	1550
3823	槐荫	66	1900
3824	槐荫	110	3050
3825	槐荫	15	700
3826	历下	25	850
3827	槐荫	270	6000
3828	槐荫	140	4000
3829	天桥	110	2200
3830	天桥	62	1200
3831	天桥	20	1150
3832	历下	130	3900
3833	高新	22	800
3834	槐荫	110	1700
3835	天桥	130	2800
3836	历下	49	1500
3837	天桥	70	2000
3838	槐荫	123	3500
3839	槐荫	80	1700
3840	历下	28	900
3841	长清	23	1150
3842	其他	12	400
3843	历下	156	5000
3844	历城	98	1800
3845	历下	16	650
3846	历城	97	1500
3847	槐荫	42	1100
3848	天桥	80	1600
3849	历下	22	1000
3850	历下	30	750
3851	天桥	54	2500
3852	天桥	75	1500
3853	天桥	20	600
3854	槐荫	94	1800
3855	槐荫	95	1700
3856	天桥	80	2500
3857	历城	18	950
3858	天桥	110	1800
3859	市中	60	2000
3860	市中	90	3000
3861	历城	108	2000
3862	天桥	25	400
3863	天桥	60	2100
3864	天桥	80	1600
3865	天桥	26	500
3866	槐荫	133	4000
3867	天桥	60	1200
3868	槐荫	75	1600
3869	历下	45	1500
3870	天桥	20	400
3871	历下	80	2599
3872	历城	108	2400
3873	历城	112	2000
3874	历下	15	600
3875	历下	110	2600
3876	槐荫	124	3800
3877	历城	87	1700
3878	市中	18	650
3879	历下	30	1300
3880	历下	30	1300
3881	长清	109	800
3882	天桥	69	1000
3883	天桥	148	3800
3884	天桥	80	1400
3885	天桥	117	2500
3886	天桥	42	1100
3887	天桥	130	1600
3888	历城	80	1600
3889	历下	22	1050
3890	槐荫	29	1000
3891	天桥	40	900
3892	天桥	60	2000
3893	天桥	80	1900
3894	天桥	80	1500
3895	天桥	33	700
3896	天桥	65	1600
3897	历下	20	700
3898	槐荫	96	3000
3899	天桥	43	1200
3900	天桥	67	2000
3901	槐荫	93	1600
3902	历下	77	1800
3903	天桥	43	1000
3904	市中	53	600
3905	历下	58	600
3906	历下	58	1550
3907	天桥	20	400
3908	天桥	60	2000
3909	天桥	50	1200
3910	长清	80	1100
3911	槐荫	89	1900
3912	槐荫	54	600
3913	历城	140	550
3914	天桥	98	1800
3915	天桥	85	1600
3916	天桥	83	1600
3917	历城	30	650
3918	天桥	75	1000
3919	天桥	50	1200
3920	槐荫	68	2550
3921	槐荫	90	2400
3922	市中	60	1600
3923	槐荫	64	1700
3924	市中	62	2000
3925	天桥	60	1300
3926	天桥	112	1600
3927	章丘	108	1400
3928	天桥	260	3000
3929	天桥	80	1500
3930	天桥	80	1450
3931	天桥	78	1500
3932	槐荫	56	1600
3933	高新	27	1300
3934	历城	88	2000
3935	历城	20	700
3936	历下	26	950
3937	高新	21	550
3938	长清	109	1300
3939	历下	30	1100
3940	天桥	110	1500
3941	槐荫	90	1000
3942	市中	70	2200
3943	历城	45	1800
3944	天桥	80	1500
3945	天桥	25	1000
3946	历城	97	2800
3947	历下	95	2400
3948	槐荫	15	700
3949	天桥	10	500
3950	天桥	15	750
3951	市中	108	3200
3952	历下	57	2300
3953	市中	103	2800
3954	历下	35	1500
3955	槐荫	176	6000
3956	历下	30	850
3957	历下	50	1500
3958	天桥	88	1500
3959	天桥	99	1600
3960	天桥	95	1600
3961	历城	86	1500
3962	天桥	60	1400
3963	天桥	140	3500
3964	槐荫	15	650
3965	历下	14	600
3966	高新	143	4000
3967	历城	120	1100
3968	市中	50	1600
3969	天桥	100	1600
3970	天桥	98	1400
3971	天桥	86	1600
3972	济阳	165	1600
3973	天桥	100	2300
3974	槐荫	87	2600
3975	市中	57	2200
3976	市中	52	2300
3977	市中	60	2200
3978	历下	68	2200
3979	章丘	106	1600
3980	市中	20	650
3981	历下	35	1500
3982	天桥	88	1500
3983	天桥	88	1600
3984	市中	186	8200
3985	市中	50	2200
3986	天桥	45	1300
3987	槐荫	54	1300
3988	天桥	16	600
3989	历城	15	700
3990	历城	60	1000
3991	天桥	137	3900
3992	市中	100	5000
3993	高新	51	1800
3994	历城	32	1400
3995	槐荫	50	1100
3996	历下	25	1000
3997	高新	97	2900
3998	槐荫	60	1500
3999	槐荫	60	1800
4000	天桥	95	1700
4001	天桥	92	1900
4002	市中	65	1800
4003	市中	60	1500
4004	天桥	108	1700
4005	槐荫	60	2100
4006	高新	128	4100
4007	天桥	24	1500
4008	天桥	76	1600
4009	历下	35	780
4010	市中	70	2400
4011	天桥	80	1500
4012	天桥	98	1800
4013	槐荫	25	1100
4014	历下	105	4500
4015	天桥	150	1900
4016	市中	66	2200
4017	槐荫	112	2000
4018	槐荫	91	1800
4019	天桥	88	1600
4020	高新	18	500
4021	高新	98	2700
4022	高新	40	2000
4023	历下	49	750
4024	市中	65	1800
4025	市中	94	3000
4026	市中	186	5500
4027	市中	52	2500
4028	天桥	81	2300
4029	天桥	75	1200
4030	历下	49	750
4031	市中	30	800
4032	槐荫	126	2600
4033	天桥	60	1500
4034	天桥	65	1500
4035	天桥	40	1400
4036	长清	98	1500
4037	市中	120	5800
4038	市中	110	3300
4039	历下	35	1500
4040	历下	45	1500
4041	历下	35	1400
4042	天桥	95	1400
4043	市中	50	2200
4044	历下	95	5500
4045	槐荫	82	4000
4046	历下	25	1100
4047	历城	121	3500
4048	历下	65	2200
4049	历城	96	2350
4050	槐荫	20	600
4051	天桥	60	1500
4052	高新	21	550
4053	济阳	120	1100
4054	天桥	60	1550
4055	天桥	88	2200
4056	天桥	75	1600
4057	市中	93	3600
4058	历下	50	1500
4059	天桥	120	1900
4060	天桥	88	1600
4061	天桥	110	1500
4062	市中	94	2500
4063	历城	28	850
4064	历下	38	1800
4065	槐荫	124	1100
4066	历下	73	1900
4067	天桥	65	1200
4068	天桥	100	1600
4069	天桥	100	1500
4070	历下	83	2000
4071	历下	25	750
4072	市中	118	1900
4073	天桥	60	1200
4074	市中	40	1800
4075	市中	70	1600
4076	高新	40	1400
4077	历下	80	2900
4078	高新	38	1600
4079	市中	75	1500
4080	历下	101	2800
4081	历下	57	1800
4082	历城	17	950
4083	历城	16	800
4084	历下	100	1900
4085	槐荫	112	2000
4086	市中	24	750
4087	历城	27	800
4088	槐荫	110	2300
4089	天桥	110	1800
4090	天桥	96	1600
4091	天桥	89	1600
4092	高新	18	580
4093	槐荫	120	2800
4094	槐荫	24	850
4095	天桥	20	750
4096	市中	45	800
4097	槐荫	96	1800
4098	高新	94	2600
4099	槐荫	58	2200
4100	槐荫	85	2500
4101	槐荫	46	2000
4102	天桥	125	1500
4103	天桥	110	2000
4104	天桥	105	1900
4105	天桥	90	2000
4106	天桥	95	1600
4107	历城	20	600
4108	天桥	60	1800
4109	市中	92	1400
4110	市中	85	1300
4111	历城	90	1500
4112	槐荫	60	2000
4113	高新	130	3800
4114	历城	42	1700
4115	高新	38	1399
4116	槐荫	65	1500
4117	天桥	53	2000
4118	天桥	98	1600
4119	天桥	90	1500
4120	天桥	76	1200
4121	天桥	29	850
4122	天桥	27	800
4123	天桥	100	2000
4124	历下	82	2100
4125	历城	82	2600
4126	历下	30	1000
4127	天桥	91	2200
4128	天桥	100	1700
4129	天桥	26	850
4130	历城	22	800
4131	天桥	21	850
4132	天桥	100	1500
4133	市中	150	4800
4134	槐荫	63	2000
4135	市中	74	2000
4136	槐荫	96	3000
4137	槐荫	88	2600
4138	天桥	25	700
4139	历城	125	2100
4140	历城	29	750
4141	槐荫	62	2100
4142	天桥	88	1600
4143	天桥	117	1900
4144	天桥	95	1600
4145	天桥	86	1600
4146	天桥	90	1600
4147	天桥	20	850
4148	高新	90	850
4149	天桥	120	2000
4150	历城	124	2500
4151	历下	20	700
4152	天桥	70	1400
4153	天桥	76	1400
4154	天桥	65	1200
4155	天桥	117	2000
4156	天桥	130	1600
4157	高新	93	2500
4158	槐荫	94	2000
4159	历下	90	2500
4160	历下	45	1600
4161	槐荫	59	2100
4162	槐荫	68	2000
4163	历下	45	1500
4164	历城	69	1600
4165	市中	116	2700
4166	历城	42	1800
4167	历城	85	2100
4168	槐荫	18	580
4169	高新	138	3800
4170	历下	93	3000
4171	市中	160	4000
4172	天桥	50	1400
4173	天桥	50	1200
4174	天桥	70	1500
4175	天桥	55	1200
4176	槐荫	75	2000
4177	天桥	50	700
4178	高新	120	3300
4179	天桥	29	800
4180	市中	26	750
4181	槐荫	106	3200
4182	槐荫	59	2200
4183	天桥	120	1500
4184	天桥	88	1700
4185	天桥	127	2000
4186	天桥	89	1400
4187	天桥	15	480
4188	天桥	26	750
4189	天桥	99	2000
4190	天桥	145	2300
4191	高新	20	700
4192	天桥	75	950
4193	天桥	97	2000
4194	天桥	110	1800
4195	市中	23	700
4196	天桥	93	1500
4197	天桥	110	1500
4198	历下	41	2000
4199	历城	120	1800
4200	历下	138	2800
4201	历下	45	1600
4202	历城	25	750
4203	历下	28	850
4204	槐荫	107	2200
4205	天桥	90	2200
4206	历城	30	900
4207	历城	85	1200
4208	历下	85	2400
4209	天桥	76	1600
4210	高新	24	1100
4211	槐荫	53	1800
4212	市中	30	800
4213	历城	80	2000
4214	槐荫	160	2700
4215	历下	25	850
4216	高新	112	3500
4217	天桥	26	750
4218	历下	70	1700
4219	历下	70	1700
4220	市中	52	1000
4221	槐荫	96	2000
4222	历城	26	800
4223	天桥	23	1200
4224	历城	115	2000
4225	历下	72	3000
4226	高新	96	2800
4227	高新	127	3600
4228	天桥	50	1100
4229	天桥	60	2200
4230	历城	30	900
4231	历下	42	2100
4232	历下	45	1500
4233	历城	65	1500
4234	槐荫	96	1600
4235	历下	30	1500
4236	天桥	30	700
4237	章丘	200	1500
4238	市中	20	500
4239	市中	85	1400
4240	市中	43	1000
4241	市中	50	1300
4242	历下	130	3099
4243	市中	165	6000
4244	市中	25	850
4245	天桥	10	300
4246	历城	80	1900
4247	历城	80	1900
4248	天桥	80	1400
4249	历下	80	3199
4250	天桥	56	1600
4251	天桥	16	550
4252	市中	20	850
4253	历下	100	2600
4254	其他	58	1800
4255	市中	102	2300
4256	历城	82	1700
4257	槐荫	87	2500
4258	历下	95	2600
4259	高新	129	2800
4260	历城	103	550
4261	历城	36	800
4262	市中	100	1750
4263	市中	91	2200
4264	槐荫	165	3000
4265	天桥	15	600
4266	高新	15	600
4267	历下	23	800
4268	天桥	23	750
4269	历城	90	1800
4270	历城	114	2700
4271	历城	63	1400
4272	天桥	105	2900
4273	市中	85	1700
4274	其他	65	1800
4275	历城	24	800
4276	历下	95	4999
4277	历下	28	1500
4278	历下	35	1500
4279	历下	48	1700
4280	历城	90	1400
4281	天桥	30	400
4282	天桥	30	400
4283	高新	128	3500
4284	高新	50	1700
4285	高新	96	2600
4286	天桥	30	400
4287	天桥	20	400
4288	天桥	20	400
4289	历城	80	1600
4290	天桥	40	900
4291	天桥	60	2000
4292	天桥	80	1900
4293	天桥	80	1500
4294	天桥	33	700
4295	天桥	40	600
4296	槐荫	21	700
4297	历下	21	750
4298	天桥	65	1600
4299	槐荫	96	3000
4300	天桥	43	1200
4301	天桥	67	2000
4302	槐荫	93	1600
4303	历下	77	1800
4304	高新	25	800
4305	历城	30	750
4306	天桥	43	1000
4307	历下	58	1550
4308	天桥	20	400
4309	天桥	60	2000
4310	天桥	50	1200
4311	长清	80	1100
4312	历下	29	850
4313	天桥	48	1200
4314	槐荫	84	1800
4315	槐荫	89	1900
4316	天桥	98	1800
4317	天桥	85	1600
4318	天桥	83	1600
4319	历城	30	650
4320	天桥	75	1000
4321	历城	20	700
4322	历下	70	2600
4323	天桥	50	1200
4324	槐荫	90	2400
4325	市中	60	1600
4326	槐荫	64	1700
4327	市中	62	2000
4328	天桥	60	1300
4329	天桥	112	1600
4330	天桥	80	1500
4331	天桥	80	1450
4332	天桥	78	1500
4333	槐荫	56	1600
4334	槐荫	90	1000
4335	市中	70	2200
4336	历城	45	1800
4337	天桥	80	1500
4338	历城	60	1300
4339	天桥	30	400
4340	高新	143	5300
4341	槐荫	99	1900
4342	槐荫	76	1600
4343	天桥	63	1600
4344	市中	30	800
4345	高新	20	750
4346	历下	25	1000
4347	历城	60	1200
4348	市中	18	550
4349	天桥	98	2000
4350	槐荫	90	1100
4351	天桥	25	1000
4352	历城	97	2800
4353	天桥	30	700
4354	历城	80	2100
4355	天桥	10	500
4356	天桥	15	750
4357	市中	108	3200
4358	历下	57	2300
4359	市中	103	2800
4360	历下	35	1500
4361	历城	29	700
4362	历下	50	1500
4363	天桥	88	1500
4364	天桥	99	1600
4365	天桥	95	1600
4366	历城	86	1500
4367	天桥	60	1400
4368	天桥	25	800
4369	高新	143	4000
4370	历城	120	1100
4371	市中	50	1600
4372	天桥	100	1600
4373	天桥	98	1400
4374	天桥	86	1600
4375	历下	50	1600
4376	历城	20	700
4377	历城	24	700
4378	天桥	100	2300
4379	槐荫	87	2600
4380	市中	57	2200
4381	市中	52	2300
4382	市中	60	2200
4383	历下	68	2200
4384	天桥	22	800
4385	历下	35	1500
4386	天桥	88	1500
4387	天桥	88	1600
4388	市中	186	8200
4389	市中	50	2200
4390	天桥	45	1300
4391	历城	25	700
4392	历下	21	750
4393	槐荫	54	1300
4394	天桥	16	600
4395	历城	15	700
4396	历城	60	1000
4397	高新	98	2200
4398	高新	120	2800
4399	市中	45	1400
4400	槐荫	160	1500
4401	历城	100	2500
4402	历城	92	1200
4403	市中	43	1400
4404	天桥	137	3500
4405	槐荫	60	1800
4406	天桥	95	1700
4407	天桥	92	1900
4408	市中	65	1800
4409	市中	60	1500
4410	天桥	108	1700
4411	天桥	20	850
4412	历下	22	750
4413	天桥	24	1500
4414	天桥	76	1600
4415	历下	35	780
4416	市中	70	2400
4417	天桥	80	1500
4418	天桥	98	1800
4419	历下	21	750
4420	天桥	150	1900
4421	市中	66	2200
4422	槐荫	112	2000
4423	槐荫	91	1800
4424	天桥	88	1600
4425	高新	18	500
4426	历城	22	800
4427	市中	65	1800
4428	市中	94	3000
4429	市中	186	5500
4430	市中	52	2500
4431	天桥	81	2300
4432	天桥	75	1200
4433	天桥	23	700
4434	天桥	148	1990
4435	天桥	60	1500
4436	天桥	65	1500
4437	天桥	40	1400
4438	长清	98	1500
4439	市中	120	5800
4440	市中	110	3300
4441	天桥	22	750
4442	历下	60	2150
4443	历下	25	750
4444	历下	35	1500
4445	历下	45	1500
4446	历下	35	1400
4447	天桥	95	1400
4448	市中	50	2200
4449	历下	95	5500
4450	历下	8	350
4451	槐荫	82	4000
4452	历下	25	1100
4453	历城	121	3500
4454	历下	65	2200
4455	槐荫	47	1500
4456	天桥	24	1500
4457	市中	59	1400
4458	市中	51	1700
4459	天桥	60	1400
4460	槐荫	80	1700
4461	市中	45	1500
4462	槐荫	60	1600
4463	历城	30	700
4464	天桥	15	450
4465	天桥	72	2200
4466	天桥	78	2400
4467	市中	16	550
4468	天桥	34	1200
4469	天桥	25	700
4470	市中	60	2600
4471	历下	140	3500
4472	天桥	95	2400
4473	天桥	65	1800
4474	市中	89	2500
4475	市中	80	3000
4476	天桥	29	750
4477	天桥	72	2000
4478	历下	25	850
4479	市中	96	2800
4480	天桥	40	1500
4481	天桥	70	2300
4482	天桥	60	1000
4483	历城	92	1666
4484	天桥	35	650
4485	历下	8	340
4486	市中	22	800
4487	天桥	60	2088
4488	天桥	96	2400
4489	天桥	65	1700
4490	历下	96	3500
4491	天桥	60	2180
4492	天桥	50	1500
4493	天桥	53	1200
4494	历下	20	780
4495	天桥	60	2400
4496	历城	126	2800
4497	历下	53	1500
4498	市中	70	1300
4499	天桥	90	4000
4500	天桥	89	2800
4501	槐荫	93	1300
4502	市中	105	2500
4503	天桥	90	1200
4504	天桥	65	2100
4505	历城	45	1400
4506	历下	65	2300
4507	市中	32	1100
4508	天桥	17	1250
4509	天桥	54	1600
4510	天桥	50	1500
4511	市中	94	2800
4512	市中	60	2500
4513	市中	56	1500
4514	市中	55	1800
4515	市中	40	1900
4516	天桥	80	1500
4517	天桥	60	1200
4518	市中	43	1300
4519	槐荫	40	800
4520	历城	80	1100
4521	天桥	60	2600
4522	市中	110	3500
4523	天桥	56	1200
4524	市中	100	3000
4525	市中	18	600
4526	天桥	60	1300
4527	槐荫	25	900
4528	天桥	65	1500
4529	历下	76	3300
4530	市中	66	2500
4531	天桥	60	2200
4532	槐荫	30	450
4533	天桥	60	1900
4534	天桥	101	1600
4535	历城	200	5500
4536	历下	101	3000
4537	槐荫	105	800
4538	天桥	51	1900
4539	天桥	60	1700
4540	天桥	60	1300
4541	历城	93	1800
4542	天桥	60	1500
4543	历下	100	700
4544	章丘	95	1500
4545	高新	90	2600
4546	天桥	47	1200
4547	天桥	60	2300
4548	天桥	60	1500
4549	历下	95	2600
4550	历下	93	3000
4551	天桥	66	2500
4552	市中	44	1400
4553	天桥	23	1200
4554	市中	94	2700
4555	天桥	75	2188
4556	天桥	65	2600
4557	市中	70	2600
4558	天桥	135	2850
4559	天桥	60	1866
4560	天桥	25	650
4561	市中	138	3000
4562	市中	94	2400
4563	天桥	25	500
4564	天桥	100	1600
4565	历下	180	3999
4566	历下	109	3300
4567	天桥	28	650
4568	天桥	60	2300
4569	市中	16	550
4570	历城	133	3800
4571	槐荫	90	2600
4572	槐荫	80	1900
4573	天桥	85	1300
4574	天桥	16	600
4575	历下	38	1600
4576	历下	35	1500
4577	历下	13	899
4578	历下	35	1599
4579	高新	93	2500
4580	槐荫	94	2000
4581	历下	90	2500
4582	历下	45	1600
4583	槐荫	59	2100
4584	槐荫	68	2000
4585	历下	80	2200
4586	天桥	50	1200
4587	历下	45	1500
4588	历城	69	1600
4589	天桥	50	1200
4590	天桥	70	1500
4591	天桥	55	1200
4592	槐荫	75	2000
4593	历下	49	500
4594	天桥	50	700
4595	高新	120	3300
4596	槐荫	106	3200
4597	槐荫	59	2200
4598	天桥	120	1500
4599	天桥	88	1700
4600	天桥	65	1500
4601	历下	54	500
4602	历下	55	2300
4603	天桥	127	2000
4604	天桥	89	1400
4605	天桥	99	2000
4606	天桥	145	2300
4607	高新	20	700
4608	天桥	75	950
4609	历城	150	3000
4610	天桥	65	1260
4611	天桥	97	2000
4612	天桥	110	1800
4613	天桥	93	1500
4614	天桥	110	1500
4615	历下	41	2000
4616	历城	120	1800
4617	天桥	75	1400
4618	历下	48	700
4619	历下	138	2800
4620	历下	45	1600
4621	槐荫	107	2200
4622	天桥	90	2200
4623	历城	30	900
4624	历城	85	1200
4625	历下	85	2400
4626	天桥	76	1600
4627	槐荫	53	1800
4628	历下	110	3600
4629	高新	100	3200
4630	历下	25	850
4631	历城	850	870
4632	历下	77	1800
4633	天桥	82	3200
4634	历下	25	750
4635	历城	25	680
4636	历下	45	1400
4637	高新	20	650
4638	历下	25	850
4639	历城	95	2000
4640	历城	25	650
4641	天桥	2000	1800
4642	其他	60	2000
4643	天桥	47	800
4644	槐荫	45	1100
4645	历城	40	999
4646	天桥	77	1280
4647	槐荫	50	1400
4648	历下	110	2999
4649	历下	80	2299
4650	市中	30	800
4651	历城	80	2000
4652	历下	40	1400
4653	天桥	60	1500
4654	槐荫	160	2700
4655	历下	25	850
4656	高新	112	3500
4657	历下	70	1700
4658	历下	70	1700
4659	市中	52	1000
4660	市中	46	500
4661	市中	43	700
4662	槐荫	96	2000
4663	历下	42	2100
4664	历下	45	1500
4665	历城	65	1500
4666	槐荫	96	1600
4667	历下	30	1500
4668	历城	15	700
4669	天桥	30	700
4670	市中	20	500
4671	市中	85	1400
4672	市中	43	1000
4673	市中	50	1300
4674	历下	130	3099
4675	历城	84	1400
4676	市中	165	6000
4677	历城	80	1900
4678	历城	80	1900
4679	天桥	80	1400
4680	历下	80	3199
4681	天桥	56	1600
4682	高新	20	650
4683	天桥	16	550
4684	历下	100	2600
4685	其他	58	1800
4686	市中	102	2300
4687	历下	25	750
4688	历城	25	680
4689	历下	45	1400
4690	历下	25	880
4691	槐荫	61	1700
4692	历下	31	1400
4693	历城	25	720
4694	天桥	50	1400
4695	市中	43	1000
4696	市中	50	1300
4697	历下	130	3099
4698	市中	165	6000
4699	历城	80	1900
4700	历城	80	1900
4701	历下	46	500
4702	历下	60	2200
4703	历下	15	650
4704	天桥	80	1400
4705	历下	80	3199
4706	天桥	56	1600
4707	天桥	16	550
4708	历下	100	2600
4709	其他	58	1800
4710	槐荫	70	1200
4711	高新	137	面议
4712	市中	102	2300
4713	历城	82	1700
4714	槐荫	87	2500
4715	历下	95	2600
4716	历城	36	800
4717	市中	100	1750
4718	天桥	35	1100
4719	天桥	40	260
4720	市中	91	2200
4721	槐荫	165	3000
4722	天桥	15	600
4723	高新	15	600
4724	历城	90	1800
4725	历城	114	2700
4726	历城	26	750
4727	天桥	40	260
4728	历城	63	1400
4729	天桥	105	2900
4730	市中	85	1700
4731	其他	65	1800
4732	历下	95	4999
4733	历下	28	1500
4734	历下	28	800
4735	历下	35	1500
4736	历下	48	1700
4737	历下	110	2600
4738	历下	60	1900
4739	历城	42	1500
4740	历下	155	5200
4741	市中	60	1800
4742	历下	148	4999
4743	历下	180	6999
4744	历下	36	2199
4745	历城	25	680
4746	历下	45	1400
4747	历下	25	880
4748	槐荫	61	1700
4749	历下	31	1400
4750	历城	25	720
4751	天桥	50	1400
4752	历城	18	500
4753	槐荫	75	1600
4754	市中	60	1500
4755	高新	25	600
4756	高新	35	1100
4757	高新	25	700
4758	历下	25	700
4759	历下	28	800
4760	历城	107	2100
4761	高新	25	900
4762	天桥	95	2200
4763	市中	60	1500
4764	槐荫	80	1600
4765	市中	74	2000
4766	高新	25	700
4767	历下	22	750
4768	历城	24	800
4769	市中	90	面议
4770	历下	110	2350
4771	高新	23	500
4772	历下	30	1600
4773	高新	50	1800
4774	槐荫	9	450
4775	高新	118	4300
4776	市中	21	850
4777	天桥	65	1400
4778	高新	140	4200
4779	天桥	126	3500
4780	槐荫	204	4000
4781	历下	30	1800
4782	历下	50	1800
4783	高新	26	850
4784	市中	70	1750
4785	历城	29	750
4786	市中	16	550
4787	高新	98	3200
4788	天桥	43	1300
4789	槐荫	88	2300
4790	槐荫	80	2600
4791	天桥	76	1700
4792	历下	107	2300
4793	市中	68	1100
4794	天桥	50	1700
4795	天桥	23	1100
4796	天桥	55	2100
4797	天桥	96	2700
4798	槐荫	90	1500
4799	天桥	77	2200
4800	历下	70	2300
4801	高新	123	4300
4802	历下	72	3100
4803	历城	25	720
4804	天桥	50	1400
4805	历城	18	500
4806	历城	40	1750
4807	历城	29	850
4808	历下	21	700
4809	历城	25	750
4810	历城	25	720
4811	历下	110	2600
4812	历下	60	1900
4813	历城	42	1500
4814	历下	155	5200
4815	市中	60	1800
4816	历下	148	4999
4817	市中	21	750
4818	历城	25	900
4819	历下	180	6999
4820	历下	36	2199
4821	高新	20	500
4822	历城	75	1800
4823	天桥	75	1700
4824	历下	70	2399
4825	天桥	60	1500
4826	天桥	23	850
4827	历下	60	2600
4828	天桥	91	1700
4829	历城	25	820
4830	槐荫	45	2000
4831	天桥	88	2300
4832	槐荫	132	2400
4833	历下	21	700
4834	历城	95	1200
4835	高新	95	2600
4836	市中	106	2600
4837	天桥	60	1700
4838	高新	96	2699
4839	历城	110	1800
4840	天桥	46	800
4841	槐荫	95	2500
4842	槐荫	47	1800
4843	槐荫	45	1600
4844	市中	92	2400
4845	历城	80	1700
4846	市中	130	1400
4847	历下	48	800
4848	历城	80	1600
4849	历下	25	1000
4850	高新	20	850
4851	高新	66	2400
4852	历下	31	880
4853	槐荫	30	1400
4854	天桥	29	850
4855	天桥	21	850
4856	市中	20	450
4857	历城	20	700
4858	槐荫	94	2500
4859	高新	110	2700
4860	槐荫	78	1500
4861	历城	25	720
4862	历城	39	1400
4863	高新	48	1800
4864	历下	110	3000
4865	天桥	60	2100
4866	历城	45	1300
4867	天桥	60	2199
4868	历城	45	1400
4869	槐荫	78	1500
4870	市中	280	6888
4871	天桥	60	2000
4872	历城	25	750
4873	高新	30	900
4874	槐荫	30	1700
4875	历下	30	1400
4876	高新	92	2450
4877	高新	96	2800
4878	高新	93	2300
4879	高新	92	3400
4880	历城	65	1500
4881	高新	42	1400
4882	天桥	26	800
4883	天桥	23	700
4884	高新	74	2600
4885	历城	144	2300
4886	天桥	95	2300
4887	槐荫	56	1400
4888	历城	80	1800
4889	历城	92	1600
4890	高新	20	650
4891	历城	97	2500
4892	市中	60	1700
4893	槐荫	180	3500
4894	历城	190	4500
4895	历城	130	2700
4896	历下	80	1900
4897	历下	72	3200
4898	历下	20	800
4899	槐荫	90	2000
4900	历城	28	750
4901	槐荫	75	2500
4902	槐荫	95	1700
4903	高新	96	2600
4904	高新	96	2400
4905	槐荫	133	2700
4906	高新	93	2700
4907	市中	55	1400
4908	天桥	23	750
4909	高新	92	3200
4910	高新	28	800
4911	高新	65	2200
4912	历城	160	380
4913	历城	63	1300
4914	章丘	130	1000
4915	高新	76	3000
4916	市中	94	2000
4917	历城	75	1700
4918	历下	122	3600
4919	天桥	75	2500
4920	天桥	30	700
4921	历城	97	1500
4922	历城	30	900
4923	市中	20	700
4924	长清	135	2200
4925	历城	120	2400
4926	槐荫	58	2000
4927	历下	22	750
4928	槐荫	42	2000
4929	历下	130	2500
4930	历下	58	2400
4931	槐荫	88	1600
4932	历下	70	2000
4933	市中	30	1300
4934	槐荫	24	750
4935	历下	150	4500
4936	历城	30	900
4937	天桥	92	2500
4938	高新	145	2900
4939	历城	83	1000
4940	历城	52	1700
4941	天桥	25	800
4942	历城	21	1000
4943	市中	44	1600
4944	高新	80	2600
4945	高新	90	700
4946	高新	26	650
4947	天桥	62	1500
4948	槐荫	95	2400
4949	历城	100	3700
4950	天桥	16	390
4951	历下	100	2600
4952	历城	83	2800
4953	高新	22	500
4954	历下	103	4000
4955	历城	25	850
4956	高新	87	3000
4957	高新	87	3700
4958	高新	140	3000
4959	高新	70	3300
4960	天桥	50	1000
4961	历下	65	2200
4962	天桥	26	750
4963	历下	56	1400
4964	天桥	65	2000
4965	天桥	96	2300
4966	历城	20	430
4967	高新	30	800
4968	历下	113	4000
4969	天桥	60	1500
4970	高新	114	4200
4971	天桥	85	1500
4972	历下	125	2300
4973	槐荫	50	2000
4974	市中	65	1600
4975	历城	20	800
4976	天桥	24	700
4977	历下	100	1900
4978	历下	90	3200
4979	市中	110	2500
4980	历下	15	999
4981	历下	110	2999
4982	高新	42	1400
4983	历下	85	2399
4984	天桥	50	1200
4985	市中	85	3200
4986	天桥	50	1200
4987	天桥	80	1500
4988	历下	80	1500
4989	天桥	60	2200
4990	市中	120	3500
4991	历下	27	800
4992	天桥	60	2100
4993	市中	60	2000
4994	天桥	60	2300
4995	槐荫	30	500
4996	历城	110	2300
4997	天桥	60	1800
4998	历下	25	900
4999	天桥	97	2300
5000	天桥	95	2300
5001	天桥	60	1600
5002	市中	60	2100
5003	历下	70	2300
5004	市中	94	2900
5005	历下	54	2400
5006	天桥	82	2100
5007	历城	82	2000
5008	市中	95	3300
5009	市中	60	1800
5010	市中	90	3500
5011	天桥	50	1300
5012	历下	50	5500
5013	历下	101	3000
5014	槐荫	45	1700
5015	历下	45	1700
5016	天桥	15	450
5017	天桥	72	2200
5018	天桥	78	2400
5019	历下	28	700
5020	历城	21	700
5021	市中	16	550
5022	天桥	34	1200
5023	市中	60	2600
5024	历下	140	3500
5025	天桥	95	2400
5026	天桥	65	1800
5027	市中	138	2800
5028	槐荫	110	1400
5029	市中	28	750
5030	市中	89	2500
5031	市中	80	3000
5032	市中	96	2800
5033	天桥	40	1500
5034	历城	62	2000
5035	槐荫	160	1500
5036	历城	100	2500
5037	历城	92	1200
5038	市中	43	1400
5039	天桥	137	3500
5040	槐荫	47	1500
5041	天桥	24	1500
5042	市中	59	1400
5043	市中	51	1700
5044	天桥	60	1400
5045	槐荫	80	1700
5046	市中	45	1500
5047	槐荫	60	1600
5048	市中	56	1500
5049	市中	55	1800
5050	市中	40	1900
5051	天桥	80	1500
5052	天桥	60	1200
5053	市中	43	1300
5054	槐荫	40	800
5055	历城	80	1100
5056	槐荫	90	2600
5057	槐荫	80	1900
5058	天桥	85	1300
5059	天桥	16	600
5060	历下	38	1600
5061	历下	35	1500
5062	历下	13	899
5063	历下	35	1599
5064	高新	100	3200
5065	历下	25	850
5066	历城	850	870
5067	天桥	82	3200
5068	历下	25	750
5069	历城	25	680
5070	历下	45	1400
5071	历下	25	880
5072	槐荫	61	1700
5073	历下	31	1400
5074	历城	25	720
5075	天桥	50	1400
5076	历城	18	500
5077	历城	40	1750
5078	历城	29	850
5079	历下	21	700
5080	历城	25	750
5081	历城	25	720
5082	历城	39	1400
5083	高新	48	1800
5084	历下	110	3000
5085	天桥	60	2100
5086	历城	45	1300
5087	天桥	60	2199
5088	历城	45	1400
5089	天桥	75	2500
5090	历城	30	900
5091	市中	20	700
5092	长清	135	2200
5093	历城	120	2400
5094	槐荫	58	2000
5095	历下	90	3200
5096	市中	110	2500
5097	历下	15	999
5098	历下	110	2999
5099	高新	42	1400
5100	历下	85	2399
5101	高新	97	2800
5102	历下	96	3200
5103	历下	70	2099
5104	历下	125	3500
5105	天桥	65	1800
5106	天桥	110	2300
5107	高新	47	2800
5108	天桥	75	2300
5109	历下	80	3300
5110	天桥	106	1800
5111	天桥	65	1500
5112	历下	95	4999
5113	天桥	17	650
5114	历城	30	900
5115	槐荫	10	450
5116	天桥	50	1000
5117	天桥	75	2300
5118	天桥	80	1500
5119	市中	75	2200
5120	槐荫	20	550
5121	天桥	80	4000
5122	天桥	95	3000
5123	历城	115	1800
5124	历下	70	900
5125	历下	60	1500
5126	历下	80	1600
5127	天桥	22	800
5128	天桥	22	700
5129	槐荫	101	1900
5130	槐荫	101	1900
5131	历城	80	1800
5132	历城	85	2000
5133	槐荫	87	2400
5134	槐荫	100	1700
5135	市中	158	3900
5136	槐荫	60	1700
5137	天桥	28	600
5138	槐荫	117	3000
5139	历下	25	800
5140	历下	95	3000
5141	市中	92	2200
5142	历城	95	2200
5143	历城	85	2300
5144	历城	95	2300
5145	槐荫	72	2800
5146	历城	56	1800
5147	高新	97	2700
5148	高新	63	2100
5149	高新	66	2400
5150	高新	89	2700
5151	高新	93	2700
5152	高新	48	1800
5153	天桥	16	500
5154	天桥	16	550
5155	历城	16	500
5156	市中	30	800
5157	天桥	30	580
5158	天桥	25	600
5159	天桥	50	1200
5160	历城	16	450
5161	天桥	30	650
5162	市中	30	650
5163	槐荫	42	2000
5164	天桥	20	650
5165	市中	16	550
5166	天桥	30	850
5167	天桥	30	650
5168	天桥	90	1900
5169	天桥	55	1400
5170	高新	25	800
5171	槐荫	120	2000
5172	高新	12	400
5173	槐荫	70	1800
5174	历下	16	650
5175	槐荫	140	2100
5176	市中	116	2500
5177	市中	66	2300
5178	天桥	90	2600
5179	天桥	72	2600
5180	历下	55	1500
5181	历城	110	3000
5182	历城	97	3000
5183	槐荫	20	800
5184	历城	20	800
5185	高新	35	1200
5186	历城	48	1300
5187	天桥	96	3200
5188	历下	12	900
5189	历城	69	1100
5190	天桥	80	2000
5191	历下	70	2000
5192	历下	100	2500
5193	市中	120	3500
5194	高新	21	500
5195	历城	38	1499
5196	槐荫	133	2600
5197	槐荫	72	3100
5198	高新	128	3600
5199	高新	66	2800
5200	槐荫	101	1900
5201	槐荫	107	3500
5202	历城	115	1800
5203	历下	70	900
5204	历下	60	1500
5205	历下	80	1600
5206	天桥	22	800
5207	天桥	22	700
5208	槐荫	101	1900
5209	槐荫	101	1900
5210	市中	107	2700
5211	历下	50	1800
5212	市中	80	2500
5213	槐荫	141	3600
5214	历下	80	1600
5215	天桥	22	650
5216	槐荫	93	2300
5217	槐荫	87	2200
5218	高新	124	4300
5219	历下	2400	2400
5220	历下	50	1200
5221	槐荫	62	2000
5222	高新	138	5000
5223	槐荫	96	1650
5224	历下	70	2300
5225	历下	70	2500
5226	历下	70	2400
5227	槐荫	83	2800
5228	槐荫	123	2900
5229	高新	93	2700
5230	槐荫	143	3500
5231	市中	53	2600
5232	市中	30	700
5233	历下	110	1600
5234	槐荫	143	3500
5235	历下	50	1700
5236	历下	110	1750
5237	市中	89	2500
5238	天桥	130	4500
5239	天桥	76	900
5240	历城	60	1200
5241	槐荫	125	2800
5242	历下	22	600
5243	市中	60	2600
5244	天桥	92	3500
5245	槐荫	21	400
5246	历下	144	4300
5247	历下	15	900
5248	市中	64	1100
5249	槐荫	35	380
5250	高新	96	3300
5251	槐荫	130	1700
5252	槐荫	130	1700
5253	市中	110	2500
5254	槐荫	100	2000
5255	历下	20	450
5256	历城	62	1200
5257	天桥	45	1600
5258	高新	20	400
5259	历下	85	2500
5260	历下	39	2300
5261	天桥	36	1500
5262	历下	85	2500
5263	历下	67	2000
5264	历下	45	1500
5265	天桥	28	1200
5266	天桥	23	1100
5267	天桥	36	1500
5268	历城	20	400
5269	高新	35	450
5270	高新	17	500
5271	历下	65	2000
5272	历下	40	1799
5273	高新	93	4500
5274	高新	123	3500
5275	市中	138	2600
5276	高新	94	3200
5277	市中	60	1800
5278	市中	131	1800
5279	高新	95	3600
5280	市中	85	2800
5281	历下	126	3500
5282	市中	71	1500
5283	历城	20	600
5284	天桥	40	1100
5285	高新	41	1400
5286	天桥	35	1280
5287	市中	92	2800
5288	市中	92	2800
5289	历城	80	1600
5290	天桥	80	2000
5291	历下	80	2500
5292	高新	79	2500
5293	高新	90	2400
5294	槐荫	90	1600
5295	天桥	26	600
5296	历城	60	350
5297	槐荫	92	2000
5298	市中	107	2500
5299	历城	20	650
5300	高新	92	2400
5301	槐荫	86	1500
5302	槐荫	86	1800
5303	天桥	16	550
5304	历下	32	1200
5305	槐荫	88	1600
5306	高新	98	2400
5307	历下	40	1800
5308	市中	68	1500
5309	历城	23	720
5310	历城	20	1200
5311	高新	120	3000
5312	高新	92	2200
5313	历下	20	470
5314	历城	30	850
5315	天桥	18	600
5316	历城	25	660
5317	历下	28	880
5318	历下	18	550
5319	天桥	75	1700
5320	高新	48	1600
5321	历下	28	810
5322	历下	23	750
5323	高新	93	2300
5324	市中	41	1500
5325	天桥	96	1400
5326	高新	65	1500
5327	高新	100	2100
5328		40	1100
5329	天桥	52	1300
5330	历城	39	1100
5331	历下	70	2000
5332	历下	90	2900
5333	市中	20	650
5334	历下	40	1400
5335	高新	96	3300
5336	高新	15	400
5337	历下	35	1400
5338	高新	45	1500
5339	历下	80	2400
5340	历城	59	1200
5341	历下	80	2600
5342	历下	30	1200
5343	市中	100	3000
5344	槐荫	90	1800
5345	槐荫	120	2600
5346	历城	59	1400
5347	历城	59	1400
5348	历下	40	1500
5349	历下	40	1650
5350	历下	50	1500
5351	历下	30	1200
5352	历城	93	1500
5353	槐荫	120	2300
5354	历下	30	1150
5355	槐荫	26	700
5356	槐荫	23	700
5357	历城	102	1500
5358	历下	30	1200
5359	槐荫	45	1600
5360	历城	59	1400
5361	天桥	50	1200
5362	历下	80	2400
5363	槐荫	45	1600
5364	历城	59	1400
5365	天桥	50	1200
5366	历下	80	2400
5367	历下	25	1200
5368	市中	110	2600
5369	市中	98	2100
5370	市中	90	2100
5371	槐荫	45	1750
5372	高新	41	1600
5373	高新	121	4200
5374	历下	40	1600
5375	历下	20	600
5376	市中	121	3000
5377	市中	55	1800
5378	高新	38	1499
5379	高新	38	1499
5380	天桥	132	2799
5381	历城	92	1000
5382	历城	94	1700
5383	市中	22	800
5384	历城	98	1700
5385	天桥	70	2200
5386	天桥	80	2200
5387	市中	89	2900
5388	历城	110	1700
5389	历下	56	2300
5390	天桥	60	1500
5391	历下	30	1500
5392	高新	60	1800
5393	高新	95	3000
5394	市中	20	700
5395	高新	23	500
5396	历城	110	2200
5397	历下	30	1600
5398	槐荫	97	2100
5399	槐荫	97	2500
5400	天桥	25	1000
5401	槐荫	90	2200
5402	槐荫	96	2500
5403	槐荫	96	2500
5404	槐荫	90	2500
5405	槐荫	100	2600
5406	槐荫	116	3200
5407	市中	120	2800
5408	历城	68	1200
5409	天桥	92	1500
5410	天桥	75	1000
5411	天桥	75	1000
5412	天桥	150	1200
5413	天桥	118	2200
5414	天桥	80	1200
5415	天桥	110	2000
5416	天桥	96	2500
5417	高新	14	900
5418	槐荫	96	1400
5419	槐荫	96	1400
5420	高新	17	800
5421	历城	30	1100
5422	历城	90	1500
5423	历城	70	260
5424	槐荫	42	1600
5425	市中	92	2000
5426	天桥	106	2200
5427	高新	73	2000
5428	历城	85	2300
5429	高新	26	1099
5430	天桥	60	1300
5431	槐荫	90	1700
5432	槐荫	59	1600
5433	历下	45	1599
5434	历下	30	1100
5435	天桥	45	1000
5436	历下	120	6000
5437	历城	56	1200
5438	市中	85	1900
5439	高新	25	800
5440	历城	29	4600
5441	市中	93	1600
5442	高新	12	750
5443	槐荫	30	700
5444	高新	64	2600
5445	槐荫	90	1000
5446	天桥	54	1700
5447	槐荫	20	800
5448	槐荫	19	800
5449	天桥	40	1500
5450	天桥	36	1300
5451	市中	60	1500
5452	槐荫	70	1400
5453	槐荫	70	1600
5454	槐荫	88	2600
5455	历下	150	3800
5456	历城	60	1500
5457	高新	90	2499
5458	槐荫	80	1800
5459	槐荫	97	2200
5460	高新	195	8500
5461	历下	126	4000
5462	历下	19	490
5463	高新	20	500
5464	历下	70	1800
5465	天桥	109	3200
5466	历下	50	1500
5467	历下	70	1800
5468	历下	95	2600
5469	历下	65	2300
5470	历下	70	1800
5471	历下	60	1800
5472	历下	60	1800
5473	历下	71	2000
5474	市中	120	3300
5475	槐荫	60	1800
5476	天桥	43	1000
5477	历城	36	1000
5478	高新	21	500
5479	历城	104	2100
5480	历下	22	950
5481	历下	25	950
5482	历下	22	1100
5483	历下	20	1000
5484	高新	115	2500
5485	历下	15	1000
5486	高新	175	4700
5487	高新	96	2800
5488	历城	25	850
5489	历城	35	730
5490	天桥	50	1200
5491	天桥	50	1500
5492	高新	93	2699
5493	历下	25	700
5494	历下	95	2700
5495	历城	30	700
5496	高新	35	830
5497	历下	30	780
5498	历城	15	750
5499	历城	30	750
5500	高新	102	2750
5501	高新	96	2650
5502	历城	35	750
5503	历城	30	750
5504	历城	25	550
5505	历城	35	550
5506	天桥	35	700
5507	高新	143	3800
5508	历城	12	550
5509	历城	23	800
5510	天桥	50	980
5511	高新	146	5000
5512	天桥	49	1500
5513	高新	112	3500
5514	高新	146	5000
5515	天桥	120	3200
5516	历下	110	3500
5517	市中	76	2500
5518	历下	95	2600
5519	历城	85	1800
5520	历下	93	2600
5521	历下	93	2500
5522	历城	117	2600
5523	高新	26	1050
5524	天桥	80	2200
5525	天桥	60	1700
5526	历下	60	1500
5527	历下	92	2500
5528	历下	107	2600
5529	历下	60	1800
5530	历下	55	2000
5531	历城	67	1100
5532	高新	30	1000
5533	天桥	130	3500
5534	历下	93	3200
5535	历下	65	1600
5536	天桥	96	3300
5537	历城	92	1300
5538	高新	35	1000
5539	高新	35	1000
5540	天桥	140	3700
5541	市中	8	300
5542	市中	60	1800
5543	槐荫	75	2400
5544	历下	75	2300
5545	市中	80	2000
5546	历城	20	800
5547	市中	80	2000
5548	历城	20	800
5549	市中	116	2800
5550	市中	50	1600
5551	历城	120	3100
5552	市中	230	4000
5553	历城	82	2700
5554	历下	45	1500
5555	历下	68	2100
5556	历下	65	2100
5557	历下	57	2300
5558	历下	16	800
5559	市中	380	20000
5560	历下	140	4200
5561	历下	60	2000
5562	槐荫	60	1800
5563	历下	40	2300
5564	历下	45	1600
5565	天桥	37	1400
5566	历下	38	2300
5567	历下	25	700
5568	历下	25	750
5569	历下	30	1100
5570	历城	30	850
5571	历城	25	750
5572	高新	135	3000
5573	历下	30	750
5574	天桥	100	2200
5575	高新	35	1200
5576	天桥	150	3500
5577	历城	103	2300
5578	天桥	60	1800
5579	历城	70	1500
5580	历城	64	1600
5581	市中	154	3300
5582	历城	134	3100
5583	高新	28	800
5584	高新	28	1000
5585	槐荫	96	3400
5586	槐荫	88	1800
5587	市中	50	1000
5588	高新	35	1050
5589	高新	35	900
5590	高新	150	3200
5591	市中	99	2400
5592	天桥	40	1600
5593	天桥	85	1600
5594	高新	26	728
5595	历城	58	1300
5596	历城	85	2500
5597	历城	112	2800
5598	高新	36	1280
5599	历城	23	850
5600	历下	100	3200
5601	槐荫	66	2100
5602	槐荫	80	2100
5603	槐荫	80	2100
5604	天桥	54	1500
5605	市中	87	2300
5606	高新	50	1600
5607	天桥	50	1700
5608	高新	50	2800
5609	市中	120	2700
5610	历下	20	1200
5611	天桥	63	1700
5612	高新	41	2500
5613	高新	40	2300
5614	历城	550	550
5615	历下	45	1700
5616	市中	52	1800
5617	高新	50	2400
5618	历下	45	1900
5619	天桥	24	1500
5620	高新	50	2400
5621	高新	33	2200
5622	历城	58	1200
5623	市中	60	1300
5624	槐荫	70	2000
5625	天桥	50	1300
5626	历城	20	850
5627	历下	35	1500
5628	市中	44	1000
5629	槐荫	110	2000
5630	市中	118	2600
5631	市中	60	1500
5632	槐荫	110	1800
5633	天桥	30	400
5634	槐荫	20	550
5635	历下	25	950
5636	历城	94	2300
5637	槐荫	100	2300
5638	历下	25	920
5639	历下	25	750
5640	高新	143	3800
5641	高新	48	2200
5642	市中	76	2400
5643	市中	80	2400
5644	高新	69	2400
5645	市中	30	1800
5646	市中	60	3000
5647	市中	80	2400
5648	历下	25	920
5649	历下	80	2900
5650	市中	60	3000
5651	历下	25	750
5652	市中	90	3300
5653	天桥	57	1500
5654	槐荫	80	2000
5655	市中	90	3300
5656	市中	76	2400
5657	历下	25	1100
5658	槐荫	97	2600
5659	槐荫	132	2800
5660	槐荫	72	2000
5661	高新	155	3600
5662	天桥	59	1900
5663	历城	35	1600
5664	高新	155	3600
5665	天桥	128	3500
5666		141	3000
5667		90	2500
5668	天桥	23	1060
5669	槐荫	72	2000
5670	天桥	78	2400
5671	槐荫	107	2500
5672	天桥	115	2800
5673	历城	22	500
5674	历下	30	800
5675	历下	70	1600
5676	历下	60	1700
5677	历下	95	3200
5678	天桥	90	2200
5679	槐荫	108	2000
5680	历下	25	720
5681	天桥	40	1000
5682	历下	50	1450
5683	历下	78	2100
5684	历城	90	3200
5685	槐荫	95	2000
5686	槐荫	116	1800
5687	历下	58	2400
5688	天桥	115	2000
5689	高新	16	399
5690	高新	18	749
5691	历城	26	620
5692	天桥	60	1850
5693	槐荫	80	1600
5694	历城	20	799
5695	历下	25	1050
5696	历下	90	2600
5697	历城	24	720
5698	槐荫	92	1700
5699	历下	110	2800
5700	历下	27	880
5701	历下	85	2600
5702	历下	70	2300
5703	历下	50	1800
5704	历城	25	650
5705	天桥	70	2050
5706	槐荫	88	2200
5707	历下	80	2800
5708	槐荫	97	2400
5709	高新	152	1800
5710	历下	103	3400
5711	历城	160	2600
5712	历城	86	2600
5713	历城	101	3000
5714	历城	24	720
5715	历城	92	2000
5716	高新	110	2000
5717	历下	100	3300
5718	高新	18	658
5719	历城	97	3150
5720	历下	31	800
5721	历城	27	780
5722	槐荫	92	1800
5723	槐荫	92	2400
5724	历下	68	1800
5725	历下	105	3100
5726	天桥	23	1100
5727	高新	20	650
5728	高新	93	3000
5729	市中	16	550
5730	历下	82	2000
5731	高新	93	3000
5732	市中	16	550
5733	历下	82	2000
5734	槐荫	86	1800
5735	历下	78	2100
5736	历下	105	3200
5737	历下	110	3200
5738	历下	110	3000
5739	历下	110	3000
5740	天桥	85	1600
5741	历城	25	800
5742	历城	95	3200
5743	历下	35	1200
5744	槐荫	105	1800
5745	历下	55	1600
5746	天桥	137	3600
5747	槐荫	80	1700
5748	历城	25	899
5749	槐荫	76	2400
5750	槐荫	60	1800
5751	高新	18	799
5752	槐荫	84	2100
5753	槐荫	76	1950
5754	槐荫	81	3000
5755	槐荫	84	2100
5756	槐荫	76	1950
5757	槐荫	81	3000
5758	槐荫	58	1800
5759	天桥	110	1400
5760	槐荫	76	2400
5761	市中	65	1400
5762	天桥	110	2100
5763	天桥	60	800
5764	历城	20	600
5765	历城	83	2000
5766	高新	20	600
5767	天桥	105	3000
5768	市中	26	850
5769	高新	20	600
5770	历城	20	600
5771	天桥	65	1500
5772	历下	23	1000
5773	高新	171	5500
5774	历下	20	600
5775	天桥	60	1000
5776	市中	28	550
5777	市中	29	550
5778	历下	75	1300
5779	市中	80	2700
5780	市中	118	2800
5781	天桥	55	700
5782	历城	20	650
5783	槐荫	80	1700
5784	历城	25	899
5785	槐荫	76	2400
5786	槐荫	60	1800
5787	高新	18	799
5788	槐荫	84	2100
5789	槐荫	76	1950
5790	槐荫	81	3000
5791	槐荫	58	1800
5792	天桥	110	1400
5793	槐荫	76	2400
5794	市中	65	1400
5795	天桥	110	2100
5796	高新	97	2600
5797	天桥	90	2200
5798	槐荫	84	2100
5799	槐荫	84	2400
5800	槐荫	47	1800
5801	槐荫	87	2700
5802	天桥	15	700
5803	槐荫	58	2000
5804	历下	30	1600
5805	历城	78	1500
5806	槐荫	75	2700
5807	天桥	50	1450
5808	天桥	113	3500
5809	槐荫	57	1500
5810	历下	30	1800
5811	槐荫	25	1600
5812	槐荫	94	2600
5813	天桥	70	1600
5814	槐荫	60	1600
5815	槐荫	45	1700
5816	槐荫	90	2000
5817	槐荫	50	1300
5818	历城	63	1700
5819	历下	18	1100
5820	市中	147	4500
5821	章丘	130	1800
5822	历下	45	1800
5823	历城	59	1300
5824	历下	80	2500
5825	天桥	33	700
5826	槐荫	140	1400
5827	槐荫	128	1400
5828	槐荫	94	1500
5829	槐荫	108	1700
5830	槐荫	16	800
5831	槐荫	100	1250
5832	槐荫	95	1700
5833	天桥	72	1600
5834	槐荫	80	1500
